9 18 10
9 19 31
9 32 99
9 36 12
9 37 5
9 38 76
9 39 287
9 41 172
9 48 282
9 60 22
9 65 46
9 76 13
9 78 6
9 79 9
9 89 22
9 101 19
9 110 4
9 117 26
9 123 7
9 147 13
9 156 9
9 161 11
9 170 19
9 179 10
9 185 18
9 201 18
9 208 17
9 225 11
9 237 25
9 249 13
9 255 17
9 258 15
9 270 10
9 271 19
9 286 6
9 301 21
9 310 34
9 338 27
9 352 29
9 438 7
9 475 27
9 522 12
9 533 14
9 544 19
9 548 6
9 570 9
9 589 14
9 592 6
9 604 29
9 677 10
9 740 11
9 769 6
9 783 16
9 824 16
9 846 4
9 855 8
9 956 9
9 976 13
9 1004 9
9 1034 4
9 1121 22
9 1146 17
9 1198 31
9 1327 19
9 1344 6
9 1393 14
9 1578 6
9 1659 3
9 1715 3
9 1859 21
9 2238 10
9 3270 13
9 3616 4
9 8978 3
18 19 6
18 32 67
18 36 11
18 37 5
18 38 42
18 39 169
18 41 106
18 48 140
18 60 17
18 65 21
18 76 4
18 78 8
18 89 18
18 101 9
18 117 12
18 123 3
18 147 10
18 156 3
18 161 4
18 170 5
18 179 6
18 185 5
18 201 6
18 208 7
18 225 12
18 237 12
18 249 4
18 255 5
18 258 5
18 270 2
18 271 8
18 286 5
18 301 8
18 310 12
18 338 6
18 352 10
18 438 7
18 475 13
18 522 8
18 533 14
18 544 14
18 548 2
18 570 2
18 589 5
18 592 6
18 604 17
18 677 4
18 740 4
18 769 2
18 783 10
18 824 7
18 846 6
18 855 3
18 956 2
18 976 6
18 1004 2
18 1034 2
18 1121 8
18 1146 10
18 1198 7
18 1327 6
18 1344 4
18 1393 17
18 1578 3
18 1659 3
18 1715 13
18 1859 5
18 2238 5
18 3270 4
18 3616 9
19 32 56
19 36 8
19 37 5
19 38 32
19 39 158
19 41 88
19 48 154
19 60 12
19 65 20
19 76 5
19 78 2
19 79 3
19 89 18
19 101 19
19 110 6
19 123 8
19 147 9
19 156 5
19 161 4
19 170 7
19 179 3
19 185 9
19 201 8
19 208 6
19 225 4
19 237 14
19 249 5
19 255 2
19 258 7
19 270 4
19 271 3
19 301 5
19 310 18
19 338 5
19 352 8
19 438 6
19 475 16
19 522 5
19 533 11
19 544 11
19 548 3
19 570 3
19 589 7
19 592 14
19 604 10
19 677 9
19 740 4
19 769 1
19 783 6
19 824 5
19 846 3
19 855 4
19 956 2
19 976 1
19 1004 1
19 1034 1
19 1121 7
19 1146 5
19 1198 4
19 1327 8
19 1344 3
19 1393 2
19 1578 4
19 1659 3
19 1715 1
19 1859 5
19 3270 11
19 3616 2
19 8978 2
32 36 146
32 37 48
32 38 863
32 39 2689
32 41 1630
32 48 2506
32 60 114
32 65 236
32 76 59
32 78 71
32 79 104
32 89 175
32 101 132
32 110 122
32 117 90
32 123 90
32 147 119
32 156 54
32 161 57
32 170 180
32 179 72
32 185 86
32 201 60
32 208 74
32 225 195
32 237 178
32 249 74
32 255 102
32 258 58
32 270 152
32 271 158
32 286 64
32 301 81
32 310 203
32 338 86
32 352 117
32 438 113
32 475 178
32 522 80
32 533 105
32 544 69
32 548 63
32 570 54
32 589 74
32 592 76
32 604 106
32 677 83
32 740 60
32 769 25
32 783 79
32 824 98
32 846 69
32 855 55
32 956 64
32 976 66
32 1004 84
32 1034 29
32 1121 76
32 1146 168
32 1198 99
32 1327 178
32 1344 90
32 1393 69
32 1578 51
32 1659 60
32 1715 88
32 1859 100
32 2238 92
32 3270 61
32 3616 75
32 8978 68
36 37 18
36 38 823
36 39 578
36 41 347
36 48 392
36 60 17
36 65 34
36 76 5
36 78 17
36 79 18
36 89 33
36 101 19
36 110 46
36 117 16
36 123 13
36 147 20
36 156 12
36 161 12
36 170 61
36 179 10
36 185 7
36 201 8
36 208 8
36 225 35
36 237 42
36 249 23
36 255 18
36 258 8
36 270 15
36 271 23
36 286 18
36 301 13
36 310 32
36 338 11
36 352 5
36 438 21
36 475 16
36 522 8
36 533 15
36 544 7
36 548 1
36 570 8
36 589 14
36 592 9
36 604 15
36 677 9
36 740 29
36 769 11
36 783 16
36 824 6
36 846 16
36 855 14
36 956 4
36 976 10
36 1004 7
36 1034 14
36 1121 13
36 1146 27
36 1198 14
36 1327 36
36 1344 26
36 1393 13
36 1578 17
36 1659 14
36 1715 9
36 1859 12
36 2238 21
36 3270 12
36 3616 5
36 8978 12
37 38 310
37 39 198
37 41 116
37 48 179
37 60 2
37 65 10
37 76 7
37 78 3
37 79 6
37 89 20
37 101 7
37 110 12
37 117 6
37 123 3
37 147 14
37 156 5
37 161 3
37 170 13
37 179 1
37 185 2
37 201 5
37 208 3
37 225 9
37 237 22
37 249 5
37 255 5
37 258 4
37 270 4
37 271 4
37 286 11
37 301 5
37 310 10
37 338 6
37 352 1
37 438 15
37 475 8
37 522 4
37 533 3
37 544 2
37 548 4
37 570 7
37 592 4
37 604 4
37 677 2
37 740 2
37 769 5
37 783 2
37 824 5
37 846 5
37 855 3
37 956 1
37 976 2
37 1004 3
37 1034 3
37 1121 1
37 1146 5
37 1198 5
37 1327 9
37 1344 2
37 1393 4
37 1578 4
37 1715 3
37 1859 3
37 2238 6
37 3270 5
37 3616 3
37 8978 6
38 39 3041
38 41 1926
38 48 2240
38 60 77
38 65 176
38 76 51
38 78 64
38 79 84
38 89 196
38 101 88
38 110 746
38 117 65
38 123 60
38 147 102
38 156 63
38 161 57
38 170 1027
38 179 47
38 185 50
38 201 39
38 208 53
38 225 178
38 237 189
38 249 84
38 255 90
38 258 50
38 270 95
38 271 105
38 286 311
38 301 49
38 310 144
38 338 60
38 352 53
38 438 132
38 475 113
38 522 51
38 533 68
38 544 52
38 548 53
38 570 62
38 589 53
38 592 53
38 604 88
38 677 47
38 740 80
38 769 79
38 783 49
38 824 47
38 846 66
38 855 75
38 956 48
38 976 47
38 1004 54
38 1034 78
38 1121 76
38 1146 127
38 1198 58
38 1327 214
38 1344 105
38 1393 65
38 1578 58
38 1659 39
38 1715 44
38 1859 56
38 2238 103
38 3270 63
38 3616 63
38 8978 62
39 41 5590
39 48 8372
39 60 362
39 65 711
39 76 182
39 78 225
39 79 325
39 89 713
39 101 360
39 110 471
39 117 249
39 123 212
39 147 307
39 156 189
39 161 179
39 170 685
39 179 195
39 185 221
39 201 207
39 208 232
39 225 609
39 237 561
39 249 225
39 255 348
39 258 179
39 270 314
39 271 385
39 286 190
39 301 201
39 310 627
39 338 212
39 352 224
39 438 442
39 475 514
39 522 243
39 533 304
39 544 242
39 548 170
39 570 193
39 589 233
39 592 229
39 604 352
39 677 226
39 740 228
39 769 125
39 783 224
39 824 232
39 846 198
39 855 199
39 956 167
39 976 167
39 1004 165
39 1034 132
39 1121 247
39 1146 447
39 1198 267
39 1327 676
39 1344 268
39 1393 219
39 1578 186
39 1659 191
39 1715 187
39 1859 218
39 2238 347
39 3270 162
39 3616 185
39 8978 237
41 48 4295
41 60 177
41 65 451
41 76 127
41 78 103
41 79 237
41 89 350
41 101 220
41 110 315
41 117 170
41 123 119
41 147 210
41 156 95
41 161 99
41 170 421
41 179 111
41 185 132
41 201 124
41 208 148
41 225 412
41 237 298
41 249 122
41 255 168
41 258 112
41 270 254
41 271 284
41 286 126
41 301 122
41 310 375
41 338 127
41 352 170
41 438 206
41 475 320
41 522 123
41 533 175
41 544 146
41 548 104
41 570 104
41 589 114
41 592 152
41 604 190
41 677 124
41 740 106
41 769 63
41 783 142
41 824 150
41 846 135
41 855 117
41 956 108
41 976 105
41 1004 99
41 1034 63
41 1121 135
41 1146 326
41 1198 164
41 1327 324
41 1344 168
41 1393 120
41 1578 90
41 1659 98
41 1715 116
41 1859 156
41 2238 230
41 3270 100
41 3616 141
41 8978 151
48 60 286
48 65 667
48 76 164
48 78 217
48 79 250
48 89 713
48 101 342
48 110 343
48 117 285
48 123 234
48 147 296
48 156 155
48 161 148
48 170 474
48 179 188
48 185 205
48 201 225
48 208 226
48 225 437
48 237 468
48 249 202
48 255 348
48 258 176
48 270 257
48 271 283
48 286 147
48 301 190
48 310 546
48 338 234
48 352 246
48 438 348
48 475 495
48 522 219
48 533 277
48 544 216
48 548 164
48 570 187
48 589 192
48 592 229
48 604 291
48 677 211
48 740 145
48 769 95
48 783 223
48 824 229
48 846 173
48 855 196
48 956 151
48 976 175
48 1004 175
48 1034 90
48 1121 236
48 1146 364
48 1198 234
48 1327 544
48 1344 221
48 1393 186
48 1578 146
48 1659 163
48 1715 181
48 1859 210
48 2238 245
48 3270 170
48 3616 148
48 8978 179
60 65 43
60 76 12
60 78 5
60 79 6
60 89 51
60 101 7
60 110 17
60 117 14
60 123 17
60 147 19
60 156 8
60 161 11
60 170 12
60 179 1
60 185 18
60 201 21
60 208 9
60 225 19
60 237 26
60 249 12
60 255 20
60 258 12
60 270 9
60 271 10
60 286 4
60 301 28
60 310 48
60 338 1
60 352 18
60 438 17
60 475 17
60 522 14
60 533 11
60 544 21
60 548 4
60 570 8
60 589 16
60 592 13
60 604 67
60 677 8
60 740 10
60 769 3
60 783 24
60 824 10
60 846 5
60 855 1
60 956 3
60 976 11
60 1004 9
60 1034 8
60 1121 30
60 1146 19
60 1198 28
60 1327 17
60 1344 11
60 1393 13
60 1578 8
60 1659 3
60 1715 25
60 1859 15
60 2238 12
60 3270 7
60 3616 3
60 8978 2
65 76 29
65 78 23
65 79 19
65 89 79
65 101 60
65 110 21
65 117 52
65 123 17
65 147 43
65 156 21
65 161 21
65 170 38
65 179 22
65 185 20
65 201 46
65 208 29
65 225 54
65 237 47
65 249 31
65 255 50
65 258 30
65 270 24
65 271 51
65 286 9
65 301 40
65 310 71
65 338 32
65 352 32
65 438 31
65 475 53
65 522 25
65 533 23
65 544 26
65 548 27
65 570 20
65 589 27
65 592 25
65 604 51
65 677 21
65 740 13
65 769 9
65 783 41
65 824 33
65 846 24
65 855 11
65 956 24
65 976 34
65 1004 18
65 1034 9
65 1121 38
65 1146 36
65 1198 35
65 1327 71
65 1344 18
65 1393 28
65 1578 19
65 1659 12
65 1715 19
65 1859 45
65 2238 32
65 3270 17
65 3616 8
65 8978 26
76 78 6
76 79 7
76 89 16
76 101 15
76 110 4
76 117 10
76 123 6
76 147 3
76 156 3
76 161 6
76 170 9
76 179 2
76 185 14
76 201 11
76 208 13
76 225 21
76 237 6
76 249 7
76 255 3
76 258 3
76 270 9
76 271 9
76 286 4
76 301 7
76 310 17
76 338 6
76 352 11
76 438 8
76 475 14
76 522 6
76 533 8
76 544 7
76 548 4
76 570 4
76 589 5
76 592 8
76 604 15
76 677 7
76 740 7
76 769 2
76 783 6
76 824 5
76 846 6
76 855 5
76 956 3
76 976 6
76 1004 8
76 1034 2
76 1121 5
76 1146 16
76 1198 15
76 1327 15
76 1344 9
76 1393 7
76 1578 5
76 1659 8
76 1715 8
76 1859 9
76 2238 12
76 3270 9
76 3616 5
76 8978 3
78 79 6
78 89 22
78 101 10
78 110 8
78 117 8
78 123 4
78 147 10
78 156 1
78 161 4
78 170 14
78 179 7
78 185 5
78 201 4
78 208 6
78 225 10
78 237 16
78 249 6
78 255 6
78 258 6
78 270 7
78 271 3
78 286 3
78 301 2
78 310 19
78 338 1
78 352 5
78 438 12
78 475 12
78 522 1
78 533 11
78 544 9
78 548 5
78 570 8
78 589 3
78 592 5
78 604 10
78 677 6
78 740 1
78 769 1
78 783 7
78 824 4
78 846 2
78 855 1
78 956 4
78 976 10
78 1004 1
78 1034 2
78 1121 3
78 1146 22
78 1198 2
78 1327 9
78 1344 6
78 1393 16
78 1578 3
78 1659 9
78 1715 1
78 1859 5
78 2238 5
78 3270 1
78 3616 5
78 8978 2
79 89 20
79 101 15
79 110 12
79 117 9
79 123 2
79 147 10
79 156 3
79 161 8
79 170 22
79 179 6
79 185 12
79 201 7
79 208 8
79 225 46
79 237 14
79 249 12
79 255 7
79 258 4
79 270 17
79 271 21
79 286 1
79 301 7
79 310 19
79 338 8
79 352 7
79 438 13
79 475 31
79 522 10
79 533 8
79 544 6
79 548 5
79 570 5
79 589 7
79 592 7
79 604 14
79 677 6
79 740 3
79 769 6
79 783 11
79 824 6
79 846 9
79 855 11
79 956 4
79 976 10
79 1004 12
79 1034 4
79 1121 11
79 1146 30
79 1198 16
79 1327 23
79 1344 10
79 1393 9
79 1578 4
79 1659 6
79 1715 11
79 1859 11
79 2238 28
79 3270 8
79 3616 18
79 8978 7
89 101 54
89 110 21
89 117 30
89 123 22
89 147 33
89 156 22
89 161 13
89 170 48
89 179 17
89 185 17
89 201 41
89 208 31
89 225 33
89 237 56
89 249 24
89 255 30
89 258 29
89 270 15
89 271 20
89 286 13
89 301 26
89 310 63
89 338 32
89 352 29
89 438 34
89 475 43
89 522 19
89 533 43
89 544 33
89 548 13
89 570 22
89 589 29
89 592 39
89 604 31
89 677 16
89 740 19
89 769 7
89 783 23
89 824 21
89 846 16
89 855 16
89 956 17
89 976 9
89 1004 10
89 1034 8
89 1121 31
89 1146 18
89 1198 34
89 1327 53
89 1344 17
89 1393 27
89 1578 16
89 1659 22
89 1715 22
89 1859 14
89 2238 19
89 3270 9
89 3616 12
89 8978 8
101 110 9
101 117 19
101 123 10
101 147 28
101 156 5
101 161 4
101 170 20
101 179 9
101 185 13
101 201 31
101 208 22
101 225 22
101 237 43
101 249 8
101 255 32
101 258 12
101 270 10
101 271 18
101 286 2
101 301 37
101 310 40
101 338 11
101 352 22
101 438 8
101 475 38
101 522 22
101 533 23
101 544 22
101 548 8
101 570 15
101 589 18
101 592 8
101 604 35
101 677 11
101 740 12
101 769 4
101 783 19
101 824 38
101 846 20
101 855 8
101 956 10
101 976 15
101 1004 11
101 1034 4
101 1121 26
101 1146 12
101 1198 22
101 1327 29
101 1344 4
101 1393 11
101 1578 7
101 1659 8
101 1715 12
101 1859 22
101 2238 24
101 3270 11
101 3616 4
101 8978 8
110 117 3
110 123 8
110 147 8
110 156 10
110 161 11
110 170 53
110 179 3
110 185 4
110 201 3
110 208 5
110 225 22
110 237 26
110 249 16
110 255 9
110 258 7
110 270 16
110 271 11
110 286 10
110 301 2
110 310 13
110 338 4
110 352 5
110 438 15
110 475 14
110 522 7
110 533 11
110 544 10
110 548 19
110 570 10
110 589 8
110 592 5
110 604 11
110 677 3
110 740 3
110 769 22
110 783 4
110 824 3
110 846 3
110 855 15
110 956 7
110 976 5
110 1004 14
110 1034 22
110 1121 11
110 1146 21
110 1198 3
110 1327 39
110 1344 5
110 1393 6
110 1578 4
110 1659 2
110 1715 10
110 1859 5
110 2238 8
110 3270 8
110 3616 14
110 8978 10
117 123 10
117 147 12
117 156 4
117 161 14
117 170 16
117 179 8
117 185 18
117 201 14
117 208 21
117 225 20
117 237 23
117 249 10
117 255 9
117 258 15
117 270 11
117 271 16
117 286 5
117 301 9
117 310 28
117 338 23
117 352 7
117 438 10
117 475 30
117 522 8
117 533 20
117 544 7
117 548 5
117 570 10
117 589 10
117 592 15
117 604 18
117 677 10
117 740 11
117 769 1
117 783 12
117 824 14
117 846 12
117 855 11
117 956 11
117 976 160
117 1004 10
117 1034 3
117 1121 12
117 1146 17
117 1198 29
117 1327 15
117 1344 9
117 1393 9
117 1578 3
117 1659 11
117 1715 10
117 1859 31
117 2238 9
117 3270 10
117 3616 9
117 8978 8
123 147 18
123 156 4
123 161 5
123 170 11
123 179 6
123 185 4
123 201 11
123 208 5
123 225 13
123 237 19
123 249 3
123 255 14
123 258 6
123 270 4
123 271 7
123 286 2
123 301 9
123 310 29
123 338 18
123 352 11
123 438 12
123 475 16
123 522 13
123 533 7
123 544 14
123 548 9
123 570 10
123 589 7
123 592 21
123 604 9
123 677 16
123 740 3
123 769 3
123 783 10
123 824 13
123 846 8
123 855 4
123 956 4
123 976 14
123 1004 8
123 1034 4
123 1121 10
123 1146 5
123 1198 13
123 1327 21
123 1344 10
123 1393 9
123 1578 1
123 1659 3
123 1715 4
123 1859 10
123 2238 5
123 3270 1
123 3616 4
123 8978 3
147 156 4
147 161 3
147 170 22
147 179 53
147 185 18
147 201 15
147 208 22
147 225 23
147 237 34
147 249 4
147 255 14
147 258 1
147 270 18
147 271 18
147 286 11
147 301 2
147 310 30
147 338 25
147 352 16
147 438 13
147 475 35
147 522 7
147 533 14
147 544 5
147 548 15
147 570 14
147 589 9
147 592 18
147 604 12
147 677 4
147 740 8
147 769 5
147 783 9
147 824 8
147 846 4
147 855 7
147 956 3
147 976 7
147 1004 14
147 1034 8
147 1121 20
147 1146 10
147 1198 16
147 1327 28
147 1344 20
147 1393 10
147 1578 13
147 1659 4
147 1715 8
147 1859 12
147 2238 16
147 3270 6
147 3616 4
147 8978 9
156 161 2
156 170 17
156 179 5
156 185 7
156 201 6
156 208 4
156 225 7
156 237 10
156 249 6
156 255 10
156 258 4
156 270 3
156 271 2
156 286 7
156 301 6
156 310 19
156 338 3
156 352 2
156 438 2
156 475 16
156 522 2
156 533 5
156 544 14
156 548 1
156 570 3
156 589 4
156 592 3
156 604 5
156 677 6
156 740 5
156 769 10
156 783 3
156 824 6
156 846 5
156 956 4
156 976 2
156 1004 3
156 1034 5
156 1121 11
156 1146 6
156 1198 10
156 1327 13
156 1344 4
156 1393 9
156 1578 7
156 1659 2
156 1715 2
156 1859 5
156 2238 4
156 3270 3
156 3616 1
156 8978 22
161 170 10
161 179 4
161 185 2
161 201 6
161 208 5
161 225 9
161 237 9
161 249 10
161 255 11
161 258 2
161 270 10
161 271 12
161 301 6
161 310 16
161 338 15
161 352 1
161 438 15
161 475 10
161 522 1
161 533 10
161 544 7
161 548 2
161 570 2
161 589 3
161 604 16
161 677 1
161 740 1
161 769 5
161 783 5
161 824 3
161 846 1
161 855 6
161 976 8
161 1004 3
161 1034 2
161 1121 5
161 1146 13
161 1198 9
161 1327 16
161 1344 12
161 1393 2
161 1659 2
161 1715 3
161 1859 3
161 2238 4
161 3270 5
161 3616 4
161 8978 1
170 179 12
170 185 12
170 201 9
170 208 15
170 225 28
170 237 36
170 249 14
170 255 23
170 258 12
170 270 22
170 271 20
170 286 19
170 301 9
170 310 39
170 338 19
170 352 18
170 438 34
170 475 25
170 522 9
170 533 10
170 544 14
170 548 11
170 570 22
170 589 13
170 592 10
170 604 14
170 677 12
170 740 16
170 769 25
170 783 9
170 824 10
170 846 11
170 855 12
170 956 15
170 976 16
170 1004 8
170 1034 20
170 1121 13
170 1146 27
170 1198 16
170 1327 48
170 1344 24
170 1393 18
170 1578 13
170 1659 7
170 1715 6
170 1859 15
170 2238 24
170 3270 16
170 3616 15
170 8978 12
179 185 7
179 201 6
179 208 11
179 225 9
179 237 6
179 249 8
179 255 15
179 258 12
179 270 10
179 271 8
179 286 6
179 301 37
179 310 15
179 338 2
179 352 7
179 438 12
179 475 18
179 522 6
179 533 8
179 544 5
179 548 10
179 570 6
179 589 9
179 592 9
179 604 15
179 677 4
179 740 2
179 769 2
179 783 11
179 824 30
179 846 9
179 855 2
179 956 8
179 976 8
179 1004 6
179 1034 2
179 1121 13
179 1146 6
179 1198 8
179 1327 25
179 1344 7
179 1393 10
179 1578 10
179 1659 1
179 1715 12
179 1859 6
179 2238 6
179 3270 4
179 3616 1
179 8978 3
185 201 20
185 208 12
185 225 13
185 237 19
185 249 12
185 255 11
185 258 8
185 270 13
185 271 11
185 286 1
185 301 11
185 310 27
185 338 16
185 352 11
185 438 10
185 475 20
185 522 8
185 533 8
185 544 7
185 548 8
185 570 6
185 589 14
185 592 3
185 604 22
185 677 7
185 740 6
185 769 3
185 783 10
185 824 14
185 846 3
185 855 9
185 956 10
185 976 12
185 1004 8
185 1034 3
185 1121 4
185 1146 13
185 1198 14
185 1327 20
185 1344 4
185 1393 9
185 1578 6
185 1659 3
185 1715 12
185 1859 14
185 2238 10
185 3270 5
185 3616 6
185 8978 7
201 208 21
201 225 13
201 237 10
201 249 14
201 255 19
201 258 10
201 270 5
201 271 9
201 286 3
201 301 9
201 310 24
201 338 21
201 352 15
201 438 8
201 475 18
201 522 18
201 533 15
201 544 12
201 548 4
201 570 8
201 589 12
201 592 8
201 604 19
201 677 11
201 740 3
201 769 1
201 783 10
201 824 17
201 846 5
201 855 11
201 956 14
201 976 14
201 1004 9
201 1034 2
201 1121 13
201 1146 13
201 1198 19
201 1327 23
201 1344 8
201 1393 10
201 1578 6
201 1659 3
201 1715 12
201 1859 16
201 2238 7
201 3270 7
201 3616 7
201 8978 3
208 225 22
208 237 1
208 249 6
208 255 14
208 258 9
208 270 14
208 271 3
208 286 2
208 301 13
208 310 22
208 338 10
208 352 7
208 438 8
208 475 22
208 522 10
208 533 9
208 544 12
208 548 9
208 570 11
208 589 16
208 592 14
208 604 15
208 677 11
208 740 6
208 769 2
208 783 8
208 824 18
208 846 6
208 855 2
208 956 11
208 976 8
208 1034 1
208 1121 14
208 1146 11
208 1198 15
208 1327 22
208 1344 4
208 1393 6
208 1578 6
208 1659 10
208 1715 2
208 1859 12
208 2238 8
208 3270 7
208 3616 3
208 8978 7
225 237 41
225 249 18
225 255 20
225 258 7
225 270 76
225 271 101
225 286 12
225 301 14
225 310 52
225 338 10
225 352 18
225 438 16
225 475 29
225 522 6
225 533 18
225 544 15
225 548 18
225 570 11
225 589 12
225 592 14
225 604 24
225 677 11
225 740 17
225 769 7
225 783 19
225 824 7
225 846 13
225 855 10
225 956 12
225 976 17
225 1004 10
225 1034 3
225 1121 16
225 1146 52
225 1198 16
225 1327 29
225 1344 14
225 1393 12
225 1578 14
225 1659 9
225 1715 18
225 1859 18
225 2238 99
225 3270 12
225 3616 25
225 8978 2
237 249 55
237 255 26
237 258 26
237 270 21
237 271 12
237 286 10
237 301 20
237 310 57
237 338 23
237 352 25
237 438 34
237 475 67
237 522 19
237 533 19
237 544 12
237 548 12
237 570 10
237 589 21
237 592 19
237 604 28
237 677 12
237 740 15
237 769 9
237 783 21
237 824 16
237 846 14
237 855 11
237 956 2
237 976 16
237 1004 3
237 1034 11
237 1121 21
237 1146 24
237 1198 20
237 1327 36
237 1344 22
237 1393 15
237 1578 13
237 1659 5
237 1715 10
237 1859 25
237 2238 12
237 3270 16
237 3616 14
237 8978 12
249 255 7
249 258 5
249 270 14
249 271 16
249 286 5
249 301 4
249 310 33
249 338 5
249 352 8
249 438 6
249 475 19
249 522 7
249 533 9
249 544 5
249 548 5
249 570 9
249 589 9
249 592 11
249 604 17
249 677 3
249 740 8
249 769 3
249 783 7
249 824 7
249 846 5
249 855 3
249 956 3
249 976 5
249 1004 6
249 1034 5
249 1121 8
249 1146 4
249 1198 10
249 1327 20
249 1344 13
249 1393 8
249 1578 5
249 1659 6
249 1715 9
249 1859 7
249 2238 7
249 3270 7
249 3616 1
249 8978 7
255 258 6
255 270 5
255 271 17
255 286 4
255 301 7
255 310 35
255 338 11
255 352 8
255 438 13
255 475 20
255 522 13
255 533 14
255 544 11
255 548 7
255 570 11
255 589 12
255 592 12
255 604 22
255 677 9
255 740 9
255 769 5
255 783 10
255 824 8
255 846 10
255 855 9
255 956 7
255 976 6
255 1004 4
255 1034 4
255 1121 20
255 1146 15
255 1198 10
255 1327 18
255 1344 6
255 1393 10
255 1578 7
255 1659 14
255 1715 6
255 1859 8
255 2238 10
255 3270 5
255 3616 3
255 8978 4
258 270 7
258 271 6
258 286 4
258 301 1
258 310 10
258 338 20
258 352 11
258 438 6
258 475 18
258 522 6
258 533 8
258 544 17
258 548 8
258 570 1
258 589 4
258 592 3
258 604 13
258 740 5
258 783 8
258 824 3
258 846 5
258 855 2
258 956 1
258 976 6
258 1004 14
258 1034 2
258 1121 4
258 1146 5
258 1198 7
258 1327 4
258 1344 13
258 1393 6
258 1578 1
258 1659 5
258 1715 3
258 1859 7
258 2238 7
258 3270 6
258 3616 2
258 8978 8
270 271 173
270 286 9
270 301 6
270 310 20
270 338 5
270 352 12
270 438 23
270 475 21
270 522 6
270 533 13
270 544 10
270 548 13
270 570 7
270 589 3
270 592 7
270 604 2
270 677 9
270 740 4
270 783 11
270 824 4
270 846 4
270 855 6
270 956 11
270 976 7
270 1004 14
270 1121 7
270 1146 16
270 1198 5
270 1327 17
270 1344 16
270 1393 7
270 1578 8
270 1659 2
270 1715 8
270 1859 13
270 2238 90
270 3270 9
270 3616 14
270 8978 18
271 286 5
271 301 5
271 310 23
271 338 7
271 352 16
271 438 12
271 475 16
271 522 7
271 533 11
271 544 13
271 548 13
271 570 6
271 589 5
271 592 12
271 604 17
271 677 7
271 740 7
271 769 1
271 783 14
271 824 9
271 846 8
271 855 6
271 956 6
271 976 13
271 1004 9
271 1121 13
271 1146 29
271 1198 7
271 1327 23
271 1344 8
271 1393 5
271 1578 2
271 1659 4
271 1715 13
271 1859 10
271 2238 86
271 3270 7
271 3616 11
271 8978 14
286 301 4
286 310 5
286 338 2
286 352 2
286 438 7
286 475 9
286 522 5
286 533 3
286 544 4
286 548 2
286 570 2
286 589 2
286 592 3
286 604 5
286 677 3
286 769 4
286 783 1
286 824 1
286 846 3
286 855 4
286 956 1
286 976 2
286 1004 1
286 1034 6
286 1121 8
286 1146 7
286 1198 3
286 1327 15
286 1344 8
286 1393 7
286 1578 2
286 1659 1
286 1859 2
286 2238 4
286 3270 5
286 3616 5
286 8978 5
301 310 23
301 338 3
301 352 8
301 438 11
301 475 15
301 522 9
301 533 3
301 544 10
301 548 2
301 570 6
301 589 12
301 592 14
301 604 26
301 677 1
301 740 3
301 769 2
301 783 19
301 824 3
301 846 2
301 855 2
301 976 8
301 1004 6
301 1034 3
301 1121 12
301 1146 9
301 1198 3
301 1327 28
301 1344 4
301 1393 4
301 1659 3
301 1715 12
301 1859 10
301 2238 6
301 3270 12
301 3616 4
301 8978 5
310 338 19
310 352 32
310 438 20
310 475 10
310 522 36
310 533 28
310 544 17
310 548 15
310 570 19
310 589 22
310 592 15
310 604 39
310 677 7
310 740 11
310 769 5
310 783 16
310 824 14
310 846 13
310 855 6
310 956 13
310 976 18
310 1004 15
310 1034 8
310 1121 22
310 1146 58
310 1198 37
310 1327 47
310 1344 24
310 1393 19
310 1578 15
310 1659 14
310 1715 30
310 1859 38
310 2238 28
310 3616 18
310 8978 23
338 352 7
338 438 4
338 475 31
338 522 10
338 533 17
338 544 18
338 548 8
338 570 4
338 589 6
338 592 11
338 604 16
338 677 14
338 740 2
338 769 1
338 783 11
338 824 27
338 846 10
338 855 5
338 956 19
338 976 13
338 1004 8
338 1034 3
338 1121 16
338 1146 12
338 1198 13
338 1327 10
338 1344 12
338 1393 12
338 1578 4
338 1659 7
338 1715 7
338 1859 9
338 2238 6
338 3270 5
338 3616 1
338 8978 5
352 438 7
352 475 24
352 522 12
352 533 18
352 544 9
352 548 2
352 570 5
352 589 12
352 592 9
352 604 30
352 677 11
352 740 6
352 783 26
352 824 12
352 846 8
352 855 7
352 956 4
352 976 21
352 1004 11
352 1121 18
352 1146 22
352 1198 18
352 1327 18
352 1344 9
352 1393 12
352 1578 4
352 1659 3
352 1715 22
352 1859 161
352 2238 8
352 3270 7
352 3616 12
438 475 20
438 522 10
438 533 11
438 544 7
438 548 11
438 570 8
438 589 14
438 592 12
438 604 10
438 677 14
438 740 14
438 769 5
438 783 10
438 824 10
438 846 1
438 855 4
438 956 4
438 976 10
438 1004 10
438 1034 2
438 1121 2
438 1146 4
438 1198 12
438 1327 10
438 1344 3
438 1393 13
438 1578 4
438 1659 1
438 1715 11
438 1859 8
438 2238 14
438 3270 11
438 3616 6
438 8978 8
475 522 29
475 533 27
475 544 25
475 548 8
475 570 20
475 589 10
475 592 21
475 604 16
475 677 22
475 740 12
475 769 4
475 783 9
475 824 24
475 846 10
475 855 12
475 956 19
475 976 16
475 1004 19
475 1034 4
475 1121 7
475 1146 32
475 1198 12
475 1327 30
475 1344 12
475 1393 18
475 1578 12
475 1659 15
475 1715 15
475 1859 16
475 2238 10
475 3270 1
475 3616 13
475 8978 8
522 533 9
522 544 20
522 548 2
522 570 5
522 589 14
522 592 6
522 604 25
522 677 11
522 769 1
522 783 6
522 824 11
522 846 8
522 855 3
522 956 9
522 976 5
522 1004 9
522 1034 2
522 1121 16
522 1146 12
522 1198 11
522 1327 15
522 1344 10
522 1393 8
522 1578 3
522 1659 6
522 1715 18
522 1859 9
522 2238 9
522 3270 11
522 3616 2
522 8978 5
533 544 13
533 548 6
533 570 6
533 589 12
533 592 16
533 604 19
533 677 11
533 740 8
533 783 12
533 824 12
533 846 8
533 855 7
533 956 12
533 976 8
533 1004 6
533 1034 1
533 1121 11
533 1146 16
533 1327 30
533 1344 6
533 1393 9
533 1578 8
533 1659 10
533 1715 8
533 1859 16
533 2238 7
533 3270 5
533 3616 7
533 8978 8
544 548 4
544 570 7
544 589 7
544 592 9
544 604 18
544 677 7
544 740 4
544 769 5
544 783 7
544 824 8
544 846 7
544 855 4
544 956 6
544 976 6
544 1004 6
544 1034 4
544 1121 7
544 1146 13
544 1198 11
544 1327 13
544 1344 8
544 1393 11
544 1578 3
544 1659 8
544 1715 7
544 1859 4
544 2238 5
544 3270 5
544 3616 3
544 8978 2
548 570 6
548 589 6
548 592 5
548 604 10
548 677 7
548 769 4
548 783 5
548 824 4
548 855 1
548 956 3
548 976 7
548 1004 10
548 1034 5
548 1121 10
548 1146 7
548 1198 5
548 1327 19
548 1344 13
548 1393 3
548 1578 2
548 1659 5
548 1715 3
548 1859 3
548 2238 13
548 3270 5
548 3616 2
570 589 3
570 592 9
570 604 3
570 677 6
570 740 2
570 769 2
570 783 6
570 824 11
570 846 1
570 855 4
570 956 2
570 976 4
570 1004 3
570 1034 3
570 1121 4
570 1146 8
570 1198 14
570 1327 12
570 1344 6
570 1393 10
570 1578 3
570 1659 4
570 1715 4
570 1859 10
570 2238 6
570 3270 6
570 3616 3
570 8978 4
589 592 8
589 604 20
589 677 3
589 740 5
589 769 2
589 783 11
589 824 10
589 846 6
589 855 3
589 956 6
589 976 11
589 1004 5
589 1034 4
589 1121 10
589 1146 14
589 1198 15
589 1327 16
589 1344 5
589 1393 8
589 1578 3
589 1659 9
589 1715 12
589 1859 13
589 2238 14
589 3270 9
589 3616 5
589 8978 2
592 604 8
592 677 17
592 740 4
592 769 1
592 783 13
592 824 13
592 846 11
592 855 4
592 956 7
592 976 11
592 1004 12
592 1034 1
592 1121 6
592 1146 12
592 1198 23
592 1327 14
592 1344 13
592 1393 14
592 1578 10
592 1659 4
592 1715 7
592 1859 9
592 2238 4
592 3270 1
592 3616 7
592 8978 2
604 677 3
604 740 18
604 769 1
604 783 31
604 824 12
604 846 9
604 855 5
604 956 12
604 976 17
604 1004 11
604 1034 4
604 1121 43
604 1146 20
604 1198 23
604 1327 22
604 1344 11
604 1393 13
604 1578 5
604 1659 11
604 1715 31
604 1859 22
604 2238 18
604 3270 14
604 3616 7
604 8978 3
677 740 2
677 769 1
677 783 6
677 824 1
677 846 4
677 855 7
677 956 1
677 976 6
677 1004 19
677 1034 1
677 1121 8
677 1146 13
677 1198 6
677 1327 17
677 1344 6
677 1393 3
677 1578 8
677 1659 6
677 1715 6
677 1859 6
677 2238 10
677 3270 8
677 3616 5
677 8978 4
740 769 4
740 783 5
740 824 1
740 846 7
740 855 5
740 956 2
740 976 4
740 1004 3
740 1034 2
740 1121 7
740 1146 6
740 1198 9
740 1327 25
740 1344 4
740 1393 8
740 1578 2
740 1659 5
740 1715 7
740 1859 6
740 2238 8
740 3270 5
740 3616 4
740 8978 3
769 783 2
769 824 3
769 846 1
769 956 1
769 976 1
769 1004 1
769 1034 166
769 1121 5
769 1146 1
769 1198 5
769 1327 4
769 1344 3
769 1393 1
769 1578 3
769 1659 2
769 1715 1
769 1859 1
769 2238 3
769 8978 1
783 824 10
783 846 4
783 855 4
783 956 2
783 976 14
783 1004 6
783 1034 3
783 1121 19
783 1146 9
783 1198 12
783 1327 25
783 1344 7
783 1393 6
783 1578 4
783 1659 7
783 1715 18
783 1859 23
783 2238 16
783 3270 4
783 3616 2
783 8978 9
824 846 16
824 855 8
824 956 2
824 976 9
824 1004 12
824 1034 3
824 1121 14
824 1146 11
824 1198 11
824 1327 22
824 1344 7
824 1393 7
824 1578 10
824 1659 6
824 1715 9
824 1859 13
824 2238 4
824 3270 8
824 3616 3
824 8978 5
846 855 2
846 956 4
846 976 12
846 1004 13
846 1121 9
846 1146 9
846 1198 16
846 1327 21
846 1344 18
846 1393 11
846 1659 11
846 1715 5
846 1859 10
846 2238 9
846 3270 3
846 3616 4
846 8978 3
855 956 3
855 976 10
855 1004 2
855 1121 6
855 1146 10
855 1198 6
855 1327 15
855 1344 6
855 1393 8
855 1578 1
855 1659 5
855 1715 3
855 1859 4
855 2238 4
855 3270 7
855 3616 2
855 8978 4
956 976 6
956 1004 5
956 1121 12
956 1146 8
956 1198 5
956 1327 6
956 1344 6
956 1393 11
956 1578 1
956 1659 3
956 1715 3
956 1859 4
956 2238 4
956 3270 4
956 3616 7
956 8978 1
976 1004 9
976 1034 1
976 1121 12
976 1146 19
976 1198 13
976 1327 12
976 1344 8
976 1393 9
976 1578 3
976 1659 5
976 1715 12
976 1859 6
976 2238 8
976 3270 11
976 3616 5
976 8978 5
1004 1034 5
1004 1121 13
1004 1146 9
1004 1198 5
1004 1327 31
1004 1344 4
1004 1393 6
1004 1578 4
1004 1659 9
1004 1715 2
1004 1859 12
1004 2238 12
1004 3270 1
1004 8978 5
1034 1121 8
1034 1146 1
1034 1198 3
1034 1344 6
1034 1393 2
1034 1578 1
1034 1659 3
1034 2238 2
1034 8978 3
1121 1146 15
1121 1198 12
1121 1327 14
1121 1344 11
1121 1393 8
1121 1578 4
1121 1659 9
1121 1715 12
1121 1859 11
1121 2238 10
1121 3270 10
1121 3616 3
1121 8978 7
1146 1198 19
1146 1327 14
1146 1344 13
1146 1393 24
1146 1578 6
1146 1659 9
1146 1715 21
1146 1859 22
1146 2238 29
1146 3270 8
1146 3616 148
1146 8978 6
1198 1327 29
1198 1344 12
1198 1393 14
1198 1578 3
1198 1659 10
1198 1715 9
1198 1859 22
1198 2238 7
1198 3270 8
1198 3616 8
1198 8978 12
1327 1344 12
1327 1393 14
1327 1578 1
1327 1659 4
1327 1715 14
1327 1859 19
1327 2238 17
1327 3270 8
1327 3616 7
1327 8978 6
1344 1393 5
1344 1578 3
1344 1659 15
1344 1715 8
1344 1859 7
1344 2238 10
1344 3270 11
1344 3616 10
1344 8978 9
1393 1578 9
1393 1659 5
1393 1715 6
1393 1859 9
1393 2238 6
1393 3270 3
1393 3616 5
1393 8978 1
1578 1715 6
1578 1859 3
1578 2238 7
1578 3270 3
1578 3616 3
1578 8978 9
1659 1715 5
1659 1859 6
1659 2238 6
1659 3270 2
1659 3616 7
1659 8978 3
1715 1859 13
1715 2238 5
1715 3270 4
1715 3616 10
1715 8978 1
1859 2238 8
1859 3270 7
1859 3616 9
1859 8978 4
2238 3270 2
2238 3616 12
2238 8978 13
3270 3616 4
3270 8978 6
3616 8978 5
