9 19 13
9 32 36
9 36 6
9 37 2
9 38 25
9 39 91
9 41 58
9 48 88
9 60 5
9 65 13
9 66 4
9 79 4
9 89 8
9 94 6
9 101 8
9 110 2
9 117 7
9 123 2
9 147 5
9 161 4
9 170 6
9 179 6
9 185 5
9 189 9
9 201 8
9 208 9
9 225 4
9 237 10
9 249 1
9 255 4
9 260 5
9 270 2
9 271 4
9 286 3
9 301 6
9 310 18
9 338 11
9 352 20
9 374 5
9 381 1
9 413 5
9 438 3
9 475 10
9 522 5
9 533 1
9 536 11
9 548 1
9 589 7
9 592 1
9 604 16
9 677 1
9 740 4
9 749 7
9 783 6
9 824 6
9 855 3
9 956 3
9 976 6
9 1004 3
9 1121 10
9 1146 8
9 1198 7
9 1233 5
9 1327 7
9 1344 1
9 1659 1
9 1715 3
9 1859 11
9 2238 3
9 2990 4
9 3270 2
9 3735 4
9 3966 6
19 32 23
19 36 2
19 37 1
19 38 12
19 39 69
19 41 32
19 48 54
19 60 7
19 65 9
19 66 1
19 79 2
19 89 6
19 94 3
19 101 7
19 110 3
19 123 1
19 147 4
19 161 2
19 170 5
19 179 1
19 185 4
19 189 6
19 201 2
19 208 2
19 225 2
19 237 8
19 249 2
19 260 3
19 270 2
19 301 1
19 310 8
19 338 2
19 352 7
19 374 3
19 413 2
19 438 3
19 475 6
19 522 2
19 533 3
19 536 3
19 589 1
19 592 6
19 604 5
19 677 4
19 740 3
19 749 2
19 783 4
19 824 2
19 846 2
19 855 3
19 956 1
19 976 1
19 1004 1
19 1121 4
19 1146 3
19 1198 2
19 1233 1
19 1327 2
19 1344 2
19 1659 2
19 1715 1
19 1859 3
19 2990 1
19 3270 5
19 3966 2
32 36 50
32 37 18
32 38 289
32 39 861
32 41 506
32 48 820
32 60 54
32 65 65
32 66 20
32 79 31
32 89 57
32 94 28
32 101 50
32 110 44
32 117 30
32 123 32
32 147 46
32 161 19
32 170 60
32 179 33
32 185 29
32 189 25
32 201 27
32 208 19
32 225 71
32 237 68
32 249 25
32 255 29
32 260 21
32 270 49
32 271 59
32 286 23
32 301 30
32 310 72
32 338 33
32 352 87
32 374 20
32 381 17
32 413 20
32 438 41
32 475 59
32 476 20
32 522 33
32 533 43
32 536 30
32 548 23
32 589 28
32 592 22
32 604 63
32 677 30
32 740 23
32 749 39
32 783 37
32 824 34
32 846 21
32 855 18
32 956 21
32 976 27
32 1004 24
32 1121 41
32 1146 51
32 1198 36
32 1233 28
32 1327 53
32 1344 33
32 1659 18
32 1715 65
32 1859 56
32 2238 29
32 2990 26
32 3270 30
32 3735 15
32 3966 31
36 37 6
36 38 275
36 39 195
36 41 114
36 48 123
36 60 10
36 65 5
36 66 1
36 79 4
36 89 14
36 94 3
36 101 5
36 110 16
36 117 8
36 123 5
36 147 7
36 161 6
36 170 20
36 179 7
36 185 1
36 189 7
36 201 4
36 208 3
36 225 15
36 237 13
36 249 8
36 255 7
36 260 4
36 270 4
36 271 4
36 286 6
36 301 5
36 310 10
36 338 6
36 352 5
36 374 3
36 381 2
36 413 3
36 438 7
36 475 6
36 476 6
36 522 3
36 533 4
36 536 1
36 548 1
36 589 7
36 592 2
36 604 8
36 677 3
36 740 13
36 749 6
36 783 6
36 824 2
36 846 4
36 855 4
36 956 2
36 976 5
36 1004 4
36 1121 8
36 1146 7
36 1198 7
36 1233 3
36 1327 9
36 1344 8
36 1659 4
36 1715 7
36 1859 8
36 2238 5
36 2990 2
36 3270 5
36 3966 6
37 38 101
37 39 61
37 41 43
37 48 56
37 65 5
37 66 1
37 79 2
37 89 8
37 101 2
37 110 5
37 117 4
37 123 1
37 147 5
37 161 1
37 170 8
37 179 1
37 185 2
37 189 1
37 201 2
37 225 3
37 237 6
37 249 2
37 255 3
37 260 1
37 270 2
37 271 1
37 286 2
37 310 1
37 338 2
37 352 1
37 381 1
37 438 6
37 475 4
37 522 1
37 533 1
37 536 1
37 548 1
37 592 1
37 604 3
37 677 1
37 740 1
37 824 1
37 855 2
37 976 1
37 1004 1
37 1146 3
37 1198 2
37 1327 3
37 1715 2
37 3270 2
38 39 1004
38 41 619
38 48 699
38 60 32
38 65 54
38 66 12
38 79 23
38 89 73
38 94 18
38 101 27
38 110 259
38 117 22
38 123 20
38 147 36
38 161 23
38 170 351
38 179 22
38 185 14
38 189 25
38 201 17
38 208 18
38 225 62
38 237 59
38 249 31
38 255 25
38 260 20
38 270 29
38 271 26
38 286 98
38 301 15
38 310 42
38 338 23
38 352 36
38 374 15
38 381 13
38 413 15
38 438 46
38 475 40
38 476 22
38 522 20
38 533 24
38 536 24
38 548 15
38 589 20
38 592 16
38 604 51
38 677 17
38 740 37
38 749 17
38 783 18
38 824 12
38 846 17
38 855 31
38 956 17
38 976 21
38 1004 13
38 1121 41
38 1146 40
38 1198 19
38 1233 20
38 1327 61
38 1344 28
38 1659 12
38 1715 39
38 1859 29
38 2238 29
38 2990 16
38 3270 27
38 3735 15
38 3966 21
39 41 1713
39 48 2578
39 60 163
39 65 187
39 66 54
39 79 107
39 89 233
39 94 80
39 101 124
39 110 164
39 117 83
39 123 66
39 147 109
39 161 57
39 170 229
39 179 71
39 185 56
39 189 87
39 201 62
39 208 76
39 225 209
39 237 177
39 249 76
39 255 106
39 260 57
39 270 95
39 271 117
39 286 61
39 301 70
39 310 184
39 338 85
39 352 147
39 374 53
39 381 48
39 413 57
39 438 131
39 475 172
39 476 54
39 522 101
39 533 94
39 536 72
39 548 46
39 589 74
39 592 76
39 604 197
39 677 64
39 740 85
39 749 110
39 783 92
39 824 82
39 846 58
39 855 72
39 956 63
39 976 71
39 1004 51
39 1121 124
39 1146 118
39 1198 91
39 1233 71
39 1327 212
39 1344 66
39 1659 54
39 1715 136
39 1859 103
39 2238 105
39 2990 56
39 3270 57
39 3735 54
39 3966 82
41 48 1269
41 60 73
41 65 117
41 66 32
41 79 82
41 89 117
41 94 51
41 101 70
41 110 108
41 117 48
41 123 38
41 147 77
41 161 33
41 170 133
41 179 40
41 185 32
41 189 52
41 201 47
41 208 51
41 225 124
41 237 90
41 249 43
41 255 44
41 260 29
41 270 72
41 271 83
41 286 40
41 301 45
41 310 112
41 338 50
41 352 116
41 374 35
41 381 21
41 413 39
41 438 62
41 475 103
41 476 25
41 522 59
41 533 62
41 536 34
41 548 33
41 589 42
41 592 45
41 604 97
41 677 37
41 740 35
41 749 66
41 783 59
41 824 41
41 846 39
41 855 44
41 956 37
41 976 40
41 1004 31
41 1121 72
41 1146 81
41 1198 56
41 1233 47
41 1327 105
41 1344 41
41 1659 23
41 1715 82
41 1859 77
41 2238 65
41 2990 31
41 3270 35
41 3735 33
41 3966 38
48 60 130
48 65 179
48 66 45
48 79 74
48 89 223
48 94 72
48 101 121
48 110 117
48 117 99
48 123 73
48 147 110
48 161 44
48 170 154
48 179 73
48 185 47
48 189 68
48 201 70
48 208 73
48 225 135
48 237 143
48 249 59
48 255 111
48 260 43
48 270 67
48 271 71
48 286 46
48 301 63
48 310 168
48 338 88
48 352 168
48 374 50
48 381 56
48 413 48
48 438 103
48 475 141
48 476 39
48 522 89
48 533 92
48 536 70
48 548 49
48 589 63
48 592 76
48 604 149
48 677 58
48 740 46
48 749 99
48 783 94
48 824 80
48 846 46
48 855 66
48 956 53
48 976 72
48 1004 58
48 1121 126
48 1146 98
48 1198 79
48 1233 57
48 1327 169
48 1344 60
48 1659 42
48 1715 129
48 1859 114
48 2238 67
48 2990 62
48 3270 66
48 3735 60
48 3966 62
60 65 15
60 66 8
60 79 4
60 89 19
60 94 12
60 101 3
60 110 7
60 117 8
60 123 7
60 147 8
60 161 3
60 170 3
60 179 1
60 185 11
60 189 10
60 201 8
60 208 3
60 225 10
60 237 5
60 249 5
60 255 8
60 260 6
60 270 4
60 271 8
60 286 2
60 301 15
60 310 21
60 352 17
60 374 7
60 381 6
60 413 8
60 438 5
60 475 6
60 476 5
60 522 4
60 533 4
60 536 11
60 548 1
60 589 8
60 592 6
60 604 46
60 677 5
60 740 7
60 749 12
60 783 12
60 824 1
60 846 1
60 855 1
60 956 2
60 976 8
60 1004 4
60 1121 22
60 1146 10
60 1198 8
60 1233 6
60 1327 6
60 1344 5
60 1659 2
60 1715 20
60 1859 10
60 2238 3
60 2990 5
60 3270 4
60 3735 3
60 3966 16
65 66 6
65 79 3
65 89 26
65 94 8
65 101 18
65 110 6
65 117 16
65 123 5
65 147 10
65 161 6
65 170 15
65 179 7
65 185 1
65 189 11
65 201 13
65 208 8
65 225 9
65 237 13
65 249 9
65 255 12
65 260 12
65 270 2
65 271 13
65 286 3
65 301 13
65 310 19
65 338 12
65 352 18
65 374 8
65 381 4
65 413 6
65 438 6
65 475 14
65 476 4
65 522 10
65 533 6
65 536 3
65 548 9
65 589 7
65 592 6
65 604 21
65 677 6
65 740 5
65 749 8
65 783 16
65 824 9
65 846 5
65 855 1
65 956 5
65 976 11
65 1004 4
65 1121 17
65 1146 5
65 1198 12
65 1233 11
65 1327 19
65 1344 3
65 1659 2
65 1715 10
65 1859 19
65 2238 7
65 2990 7
65 3270 7
65 3735 7
65 3966 5
66 79 2
66 89 2
66 94 7
66 101 3
66 110 1
66 117 5
66 123 5
66 147 4
66 170 1
66 179 2
66 185 3
66 189 4
66 201 4
66 208 4
66 225 7
66 237 3
66 249 2
66 255 2
66 260 3
66 271 1
66 301 4
66 310 8
66 338 3
66 352 5
66 381 4
66 413 2
66 438 3
66 475 7
66 476 1
66 522 1
66 533 1
66 536 3
66 548 1
66 589 5
66 604 7
66 677 2
66 740 3
66 749 4
66 783 2
66 824 2
66 855 1
66 976 4
66 1004 2
66 1121 6
66 1146 2
66 1198 4
66 1233 4
66 1327 7
66 1344 2
66 1659 2
66 1715 5
66 1859 4
66 2238 3
66 2990 5
66 3270 3
66 3735 5
66 3966 2
79 89 5
79 94 3
79 101 6
79 110 2
79 117 1
79 147 3
79 161 2
79 170 4
79 179 1
79 185 2
79 189 3
79 201 5
79 208 1
79 225 17
79 237 6
79 249 3
79 255 2
79 260 1
79 270 4
79 271 7
79 286 1
79 301 2
79 310 5
79 338 3
79 352 4
79 374 2
79 381 2
79 438 4
79 475 11
79 476 1
79 522 5
79 533 5
79 548 3
79 589 3
79 592 3
79 604 9
79 677 2
79 740 1
79 749 7
79 783 5
79 824 1
79 846 1
79 855 4
79 956 1
79 976 4
79 1004 2
79 1121 6
79 1146 10
79 1198 6
79 1233 2
79 1327 11
79 1344 5
79 1659 2
79 1715 5
79 1859 6
79 2238 8
79 2990 2
79 3270 2
79 3735 2
79 3966 2
89 94 10
89 101 27
89 110 5
89 117 9
89 123 6
89 147 12
89 161 7
89 170 15
89 179 10
89 185 3
89 189 6
89 201 17
89 208 9
89 225 6
89 237 21
89 249 9
89 255 8
89 260 11
89 270 3
89 271 8
89 286 4
89 301 10
89 310 21
89 338 12
89 352 23
89 374 8
89 381 7
89 413 12
89 438 7
89 475 11
89 476 2
89 522 9
89 533 13
89 536 7
89 548 2
89 589 5
89 592 13
89 604 16
89 677 2
89 740 5
89 749 5
89 783 9
89 824 9
89 846 8
89 855 6
89 956 6
89 976 4
89 1004 3
89 1121 16
89 1146 6
89 1198 18
89 1233 7
89 1327 18
89 1344 3
89 1659 8
89 1715 17
89 1859 5
89 2238 6
89 2990 5
89 3270 1
89 3735 7
89 3966 10
94 101 5
94 110 1
94 117 10
94 123 3
94 147 3
94 161 1
94 170 4
94 179 3
94 185 5
94 189 4
94 201 5
94 208 4
94 225 9
94 237 9
94 249 5
94 255 3
94 270 3
94 271 5
94 286 2
94 301 4
94 310 14
94 338 6
94 352 17
94 374 2
94 381 3
94 413 3
94 438 3
94 475 8
94 476 1
94 522 3
94 533 8
94 536 4
94 548 4
94 589 2
94 592 5
94 604 13
94 677 2
94 740 3
94 749 7
94 783 7
94 824 1
94 846 4
94 855 3
94 956 2
94 976 14
94 1004 2
94 1121 6
94 1146 4
94 1198 5
94 1233 11
94 1327 2
94 1344 4
94 1659 3
94 1715 7
94 1859 16
94 2238 3
94 2990 7
94 3270 3
94 3735 5
94 3966 4
101 110 2
101 117 8
101 123 3
101 147 11
101 161 1
101 170 10
101 179 5
101 185 4
101 189 7
101 201 14
101 208 7
101 225 5
101 237 21
101 249 3
101 255 12
101 260 4
101 270 3
101 271 5
101 301 11
101 310 17
101 338 5
101 352 19
101 374 5
101 381 6
101 413 9
101 438 5
101 475 18
101 476 5
101 522 12
101 533 8
101 536 8
101 548 3
101 589 6
101 592 4
101 604 13
101 677 5
101 740 1
101 749 9
101 783 10
101 824 20
101 846 9
101 855 2
101 956 3
101 976 7
101 1004 5
101 1121 13
101 1146 3
101 1198 10
101 1233 6
101 1327 10
101 1344 1
101 1659 3
101 1715 9
101 1859 14
101 2238 7
101 2990 1
101 3270 5
101 3966 4
110 123 2
110 147 2
110 161 5
110 170 14
110 179 2
110 185 1
110 189 5
110 201 1
110 208 2
110 225 6
110 237 10
110 249 9
110 255 1
110 270 6
110 271 3
110 286 2
110 310 5
110 338 2
110 352 3
110 374 2
110 381 1
110 438 7
110 475 4
110 476 4
110 522 3
110 533 5
110 536 5
110 548 5
110 589 3
110 592 1
110 604 6
110 677 1
110 740 2
110 749 2
110 783 2
110 824 2
110 846 1
110 855 7
110 956 4
110 976 2
110 1004 5
110 1121 5
110 1146 5
110 1233 2
110 1327 12
110 1344 1
110 1659 2
110 1715 10
110 1859 3
110 2238 2
110 2990 4
110 3270 3
110 3735 5
110 3966 2
117 123 1
117 147 6
117 161 7
117 170 8
117 179 5
117 185 5
117 189 5
117 201 9
117 208 8
117 225 4
117 237 7
117 249 4
117 255 2
117 260 6
117 270 5
117 271 6
117 286 1
117 301 2
117 310 7
117 338 9
117 352 3
117 374 5
117 381 4
117 413 3
117 438 4
117 475 6
117 476 3
117 522 4
117 533 6
117 536 3
117 548 3
117 589 2
117 592 3
117 604 6
117 677 4
117 740 5
117 749 9
117 783 3
117 824 5
117 846 4
117 855 4
117 956 5
117 976 75
117 1004 3
117 1121 5
117 1146 4
117 1198 10
117 1233 9
117 1327 9
117 1344 2
117 1659 4
117 1715 6
117 1859 9
117 2238 3
117 2990 2
117 3270 5
117 3735 4
117 3966 3
123 147 4
123 161 2
123 170 5
123 179 3
123 185 2
123 189 2
123 201 4
123 208 1
123 225 3
123 237 6
123 255 5
123 260 1
123 270 2
123 271 1
123 301 3
123 310 6
123 338 6
123 352 9
123 374 1
123 381 1
123 413 4
123 438 2
123 475 9
123 476 1
123 522 3
123 533 5
123 536 6
123 548 3
123 589 3
123 592 10
123 604 4
123 677 4
123 740 3
123 749 5
123 783 6
123 824 6
123 846 1
123 855 1
123 956 1
123 976 4
123 1004 3
123 1121 4
123 1146 3
123 1198 2
123 1233 5
123 1327 8
123 1344 2
123 1659 1
123 1715 3
123 1859 6
123 2238 2
123 2990 2
123 3735 3
123 3966 3
147 170 6
147 179 25
147 185 6
147 189 3
147 201 3
147 208 7
147 225 10
147 237 14
147 249 2
147 255 4
147 260 3
147 270 6
147 271 6
147 286 4
147 301 2
147 310 14
147 338 10
147 352 11
147 374 3
147 381 3
147 413 5
147 438 5
147 475 11
147 476 1
147 522 3
147 533 8
147 536 8
147 548 3
147 589 4
147 592 8
147 604 5
147 677 1
147 740 3
147 749 13
147 783 4
147 824 3
147 846 1
147 855 1
147 956 3
147 976 3
147 1004 3
147 1121 7
147 1146 1
147 1198 4
147 1233 5
147 1327 8
147 1344 5
147 1659 2
147 1715 7
147 1859 7
147 2238 4
147 2990 7
147 3270 3
147 3735 4
147 3966 4
161 170 3
161 179 1
161 189 2
161 201 2
161 208 2
161 225 2
161 237 3
161 249 1
161 255 4
161 260 3
161 270 1
161 271 1
161 301 1
161 310 7
161 338 5
161 352 1
161 374 1
161 381 1
161 438 2
161 475 2
161 476 3
161 533 5
161 589 1
161 604 9
161 740 1
161 749 3
161 783 3
161 846 1
161 855 2
161 976 5
161 1121 3
161 1146 3
161 1198 4
161 1233 3
161 1327 4
161 1344 5
161 1659 2
161 1715 2
161 1859 1
161 2990 1
161 3270 1
161 3966 4
170 179 3
170 185 1
170 189 5
170 201 3
170 208 3
170 225 9
170 237 9
170 249 4
170 255 6
170 260 5
170 270 8
170 271 6
170 286 4
170 301 2
170 310 11
170 338 8
170 352 12
170 374 4
170 413 4
170 438 10
170 475 10
170 476 10
170 522 3
170 533 6
170 536 6
170 548 4
170 589 9
170 592 3
170 604 8
170 677 3
170 740 9
170 749 7
170 783 3
170 824 4
170 846 3
170 855 6
170 956 7
170 976 9
170 1004 2
170 1121 6
170 1146 7
170 1198 6
170 1233 2
170 1327 15
170 1344 8
170 1659 3
170 1715 6
170 1859 9
170 2238 7
170 2990 5
170 3270 11
170 3735 6
170 3966 9
179 185 2
179 201 2
179 208 3
179 225 4
179 237 2
179 249 4
179 255 5
179 260 3
179 270 2
179 271 4
179 286 1
179 301 13
179 310 8
179 352 7
179 374 2
179 381 6
179 413 5
179 438 4
179 475 5
179 476 1
179 522 3
179 533 3
179 536 3
179 548 4
179 589 3
179 592 4
179 604 8
179 677 1
179 740 1
179 749 5
179 783 4
179 824 13
179 846 2
179 956 3
179 976 4
179 1004 2
179 1121 8
179 1146 1
179 1198 3
179 1233 2
179 1327 13
179 1344 1
179 1715 10
179 1859 3
179 2238 2
179 2990 3
179 3270 2
179 3735 4
179 3966 1
185 189 3
185 201 5
185 208 1
185 225 5
185 237 5
185 249 3
185 255 3
185 270 5
185 271 3
185 286 1
185 301 4
185 310 8
185 338 7
185 352 6
185 374 3
185 381 2
185 413 4
185 438 4
185 475 6
185 533 3
185 536 3
185 548 1
185 589 4
185 592 2
185 604 10
185 677 2
185 740 3
185 749 2
185 783 5
185 824 3
185 855 2
185 956 4
185 976 2
185 1004 2
185 1121 2
185 1198 2
185 1233 6
185 1327 2
185 1344 1
185 1715 10
185 1859 4
185 2238 1
185 3270 3
185 3966 1
189 201 6
189 208 2
189 225 6
189 237 9
189 255 2
189 260 1
189 270 5
189 271 2
189 286 1
189 301 4
189 310 5
189 338 5
189 352 11
189 374 2
189 381 2
189 413 1
189 438 1
189 475 6
189 476 2
189 522 4
189 533 6
189 536 5
189 548 1
189 589 4
189 592 6
189 604 11
189 677 4
189 740 1
189 749 4
189 783 9
189 824 1
189 846 2
189 855 1
189 956 4
189 976 3
189 1004 1
189 1121 9
189 1146 5
189 1198 5
189 1233 1
189 1327 6
189 1344 2
189 1659 1
189 1715 6
189 1859 4
189 2238 7
189 3270 3
189 3735 2
189 3966 6
201 208 8
201 225 6
201 237 3
201 249 3
201 255 8
201 260 2
201 270 1
201 271 4
201 286 3
201 301 2
201 310 6
201 338 6
201 352 11
201 374 4
201 381 2
201 413 2
201 475 8
201 522 9
201 533 3
201 536 6
201 589 6
201 592 3
201 604 8
201 677 4
201 740 1
201 749 6
201 783 4
201 824 8
201 846 2
201 855 3
201 956 4
201 976 5
201 1004 3
201 1121 6
201 1146 4
201 1198 12
201 1233 2
201 1327 7
201 1344 1
201 1659 1
201 1715 10
201 1859 9
201 2238 2
201 2990 1
201 3270 3
201 3735 4
201 3966 2
208 225 9
208 255 5
208 270 4
208 286 2
208 301 3
208 310 11
208 338 4
208 352 4
208 374 4
208 381 7
208 413 4
208 438 2
208 475 6
208 476 1
208 522 4
208 533 5
208 536 4
208 548 5
208 589 6
208 592 8
208 604 8
208 677 3
208 740 1
208 749 5
208 783 2
208 824 8
208 846 4
208 855 1
208 956 3
208 976 4
208 1121 9
208 1146 3
208 1198 7
208 1233 4
208 1327 8
208 1344 1
208 1659 4
208 1715 2
208 1859 4
208 2238 2
208 2990 3
208 3270 5
208 3735 3
208 3966 3
225 237 14
225 249 7
225 255 8
225 260 2
225 270 32
225 271 35
225 286 6
225 301 7
225 310 13
225 338 3
225 352 12
225 374 3
225 381 4
225 413 4
225 438 5
225 475 10
225 476 7
225 522 2
225 533 7
225 536 5
225 548 4
225 589 4
225 592 3
225 604 17
225 677 3
225 740 4
225 749 9
225 783 12
225 824 4
225 846 5
225 855 3
225 956 6
225 976 6
225 1004 2
225 1121 10
225 1146 16
225 1198 8
225 1233 6
225 1327 4
225 1344 9
225 1659 5
225 1715 13
225 1859 9
225 2238 33
225 2990 5
225 3270 6
225 3735 1
225 3966 4
237 249 16
237 255 7
237 260 2
237 270 5
237 271 2
237 286 3
237 301 6
237 310 15
237 338 8
237 352 14
237 374 5
237 381 6
237 413 5
237 438 9
237 475 21
237 476 4
237 522 9
237 533 2
237 536 7
237 548 4
237 589 8
237 592 7
237 604 19
237 677 4
237 740 3
237 749 8
237 783 9
237 824 6
237 846 6
237 855 5
237 956 1
237 976 5
237 1121 13
237 1146 6
237 1198 5
237 1233 7
237 1327 14
237 1344 8
237 1659 1
237 1715 6
237 1859 12
237 2238 5
237 2990 4
237 3270 9
237 3735 1
237 3966 5
249 255 2
249 260 2
249 270 5
249 271 5
249 310 9
249 338 2
249 352 5
249 374 3
249 381 1
249 413 2
249 438 1
249 475 3
249 522 4
249 533 3
249 536 1
249 548 2
249 589 1
249 592 2
249 604 6
249 740 3
249 749 5
249 783 5
249 824 2
249 846 1
249 956 1
249 976 3
249 1004 2
249 1121 4
249 1146 2
249 1198 5
249 1233 3
249 1327 6
249 1344 3
249 1659 2
249 1715 6
249 1859 1
249 2238 3
249 2990 1
249 3270 2
249 3966 4
255 260 4
255 270 1
255 271 4
255 286 2
255 301 3
255 310 14
255 338 5
255 352 6
255 381 3
255 413 4
255 438 4
255 475 7
255 476 1
255 522 3
255 533 5
255 536 2
255 548 3
255 589 4
255 592 5
255 604 10
255 677 1
255 740 1
255 749 4
255 783 4
255 824 4
255 846 3
255 855 2
255 956 3
255 976 3
255 1004 2
255 1121 7
255 1146 5
255 1198 5
255 1233 1
255 1327 6
255 1344 2
255 1659 6
255 1715 6
255 1859 2
255 2238 4
255 2990 1
255 3735 2
255 3966 1
260 271 1
260 286 2
260 301 1
260 310 8
260 338 4
260 352 2
260 413 2
260 438 3
260 475 4
260 476 3
260 522 2
260 533 6
260 536 2
260 548 2
260 589 3
260 592 2
260 604 5
260 677 2
260 783 1
260 824 7
260 846 3
260 855 1
260 956 1
260 976 3
260 1121 3
260 1146 1
260 1198 5
260 1233 1
260 1327 4
260 1344 3
260 1659 1
260 1715 5
260 1859 2
260 2990 2
260 3270 3
260 3735 2
260 3966 3
270 271 56
270 286 1
270 301 1
270 310 5
270 338 1
270 352 11
270 374 1
270 438 8
270 475 6
270 476 3
270 522 1
270 533 7
270 536 4
270 548 3
270 592 2
270 677 3
270 740 2
270 749 5
270 783 5
270 846 1
270 855 4
270 956 6
270 976 5
270 1004 3
270 1121 4
270 1146 3
270 1198 1
270 1233 5
270 1327 8
270 1344 5
270 1715 6
270 1859 9
270 2238 33
270 2990 3
270 3270 2
270 3735 2
270 3966 5
271 286 3
271 301 1
271 310 8
271 338 2
271 352 13
271 374 2
271 413 4
271 438 5
271 475 5
271 522 3
271 533 8
271 536 3
271 548 2
271 589 2
271 592 2
271 604 11
271 740 3
271 749 8
271 783 9
271 824 3
271 846 2
271 855 2
271 956 4
271 976 5
271 1004 3
271 1121 6
271 1146 4
271 1198 3
271 1233 9
271 1327 9
271 1344 2
271 1715 10
271 1859 7
271 2238 27
271 2990 3
271 3270 1
271 3735 2
271 3966 5
286 301 2
286 310 1
286 352 2
286 374 1
286 381 2
286 413 1
286 438 2
286 475 3
286 476 1
286 522 3
286 533 2
286 536 3
286 548 1
286 592 1
286 604 2
286 677 1
286 749 2
286 846 1
286 855 1
286 1121 6
286 1146 1
286 1198 1
286 1233 1
286 1327 7
286 1344 1
286 1859 1
286 2238 2
286 2990 2
286 3270 2
286 3735 1
286 3966 1
301 310 8
301 338 3
301 352 6
301 374 3
301 381 4
301 413 1
301 438 2
301 475 6
301 476 3
301 522 3
301 533 2
301 536 2
301 548 1
301 589 4
301 592 5
301 604 15
301 677 1
301 749 7
301 783 9
301 824 1
301 855 1
301 976 1
301 1004 1
301 1121 6
301 1146 3
301 1198 2
301 1233 2
301 1327 6
301 1659 2
301 1715 11
301 1859 8
301 2238 2
301 2990 2
301 3270 5
301 3966 7
310 338 6
310 352 25
310 374 12
310 381 10
310 413 8
310 438 5
310 475 3
310 476 2
310 522 17
310 533 7
310 536 7
310 548 5
310 589 7
310 592 3
310 604 18
310 677 2
310 740 2
310 749 7
310 783 8
310 824 5
310 846 4
310 855 3
310 956 7
310 976 6
310 1004 4
310 1121 12
310 1146 12
310 1198 10
310 1233 6
310 1327 11
310 1344 6
310 1659 6
310 1715 18
310 1859 19
310 2238 10
310 2990 2
310 3735 6
310 3966 11
338 352 5
338 374 3
338 413 3
338 438 1
338 475 12
338 476 2
338 522 4
338 533 7
338 536 7
338 548 4
338 589 3
338 592 3
338 604 11
338 677 8
338 740 1
338 749 5
338 783 5
338 824 13
338 846 2
338 855 1
338 956 8
338 976 6
338 1004 2
338 1121 11
338 1146 3
338 1198 5
338 1233 1
338 1327 6
338 1344 5
338 1659 2
338 1715 3
338 1859 5
338 2238 4
338 2990 4
338 3270 1
338 3735 6
338 3966 2
352 374 11
352 381 5
352 413 14
352 438 3
352 475 13
352 476 4
352 522 11
352 533 13
352 536 10
352 548 2
352 589 9
352 592 7
352 604 23
352 677 5
352 740 1
352 749 20
352 783 19
352 824 8
352 846 4
352 855 2
352 956 3
352 976 16
352 1004 6
352 1121 15
352 1146 14
352 1198 12
352 1233 17
352 1327 10
352 1344 8
352 1659 2
352 1715 19
352 1859 112
352 2238 6
352 2990 5
352 3270 6
352 3735 4
352 3966 13
374 381 1
374 413 3
374 438 1
374 476 2
374 522 3
374 533 2
374 536 3
374 548 3
374 592 1
374 604 7
374 677 1
374 740 1
374 749 1
374 783 5
374 824 3
374 846 1
374 976 4
374 1004 2
374 1121 4
374 1146 3
374 1198 8
374 1233 2
374 1327 2
374 1344 3
374 1659 3
374 1715 7
374 1859 6
374 2238 2
374 2990 2
374 3270 3
374 3735 2
374 3966 4
381 413 2
381 438 4
381 475 3
381 476 2
381 522 2
381 533 4
381 536 4
381 589 3
381 592 2
381 604 11
381 677 3
381 749 3
381 783 2
381 824 3
381 846 3
381 855 2
381 956 1
381 976 2
381 1004 1
381 1121 8
381 1146 1
381 1233 1
381 1327 5
381 1344 2
381 1715 5
381 1859 1
381 2238 5
381 2990 3
381 3270 3
381 3735 3
381 3966 3
413 438 2
413 475 4
413 476 1
413 522 3
413 533 2
413 536 2
413 548 1
413 592 2
413 604 7
413 677 2
413 749 4
413 783 4
413 824 5
413 846 4
413 855 1
413 976 1
413 1004 8
413 1121 2
413 1198 2
413 1233 3
413 1327 4
413 1344 2
413 1659 1
413 1715 2
413 1859 7
413 2990 1
413 3270 4
413 3966 4
438 475 6
438 476 2
438 522 5
438 533 4
438 536 4
438 548 4
438 589 8
438 604 5
438 677 2
438 740 4
438 749 8
438 783 2
438 824 8
438 846 1
438 956 2
438 976 3
438 1004 3
438 1121 1
438 1198 4
438 1233 2
438 1327 1
438 1715 10
438 1859 5
438 2238 1
438 2990 1
438 3270 2
438 3735 1
438 3966 3
475 476 5
475 522 14
475 533 8
475 536 5
475 548 2
475 589 4
475 592 7
475 604 7
475 677 7
475 740 3
475 749 3
475 783 3
475 824 8
475 846 5
475 855 5
475 956 5
475 976 4
475 1004 6
475 1121 1
475 1146 8
475 1198 4
475 1233 6
475 1327 12
475 1344 4
475 1659 4
475 1715 8
475 1859 10
475 2238 6
475 2990 5
475 3270 1
475 3735 2
475 3966 3
476 522 1
476 533 2
476 536 3
476 548 2
476 589 1
476 604 5
476 749 6
476 783 1
476 824 1
476 846 5
476 976 2
476 1004 1
476 1121 3
476 1146 5
476 1198 1
476 1327 3
476 1344 5
476 1715 5
476 1859 4
476 2238 1
476 2990 1
476 3270 3
476 3735 2
476 3966 11
522 533 3
522 536 12
522 548 1
522 589 3
522 592 4
522 604 16
522 677 6
522 749 5
522 783 3
522 824 7
522 846 3
522 855 2
522 956 3
522 976 1
522 1004 7
522 1121 12
522 1146 7
522 1198 7
522 1327 5
522 1659 3
522 1715 17
522 1859 7
522 2238 5
522 2990 6
522 3270 4
522 3735 4
522 3966 3
533 536 5
533 548 1
533 589 6
533 592 9
533 604 5
533 677 2
533 740 4
533 749 4
533 783 4
533 824 4
533 846 2
533 855 3
533 956 6
533 976 4
533 1004 1
533 1121 6
533 1146 4
533 1233 4
533 1327 9
533 1344 3
533 1659 1
533 1715 7
533 1859 9
533 2238 4
533 2990 3
533 3270 2
533 3735 1
533 3966 5
536 548 1
536 592 2
536 604 11
536 677 3
536 749 6
536 783 3
536 824 4
536 846 3
536 956 4
536 976 4
536 1004 1
536 1121 11
536 1146 4
536 1198 3
536 1233 4
536 1327 4
536 1344 3
536 1659 3
536 1715 10
536 1859 6
536 2238 2
536 2990 7
536 3270 3
536 3735 4
536 3966 2
548 589 1
548 604 5
548 677 4
548 783 2
548 824 3
548 956 3
548 976 4
548 1004 5
548 1121 5
548 1146 2
548 1198 1
548 1233 3
548 1327 6
548 1344 5
548 1659 1
548 1715 3
548 1859 2
548 2238 3
548 2990 2
548 3270 1
548 3735 2
548 3966 1
589 592 1
589 604 10
589 740 1
589 749 4
589 783 5
589 824 4
589 846 2
589 855 2
589 956 2
589 976 3
589 1121 4
589 1146 6
589 1198 7
589 1233 6
589 1327 5
589 1344 2
589 1659 2
589 1715 8
589 1859 8
589 2238 2
589 2990 2
589 3270 3
589 3966 3
592 604 2
592 677 5
592 740 2
592 749 7
592 783 7
592 824 5
592 846 3
592 855 3
592 956 4
592 976 3
592 1004 5
592 1121 5
592 1146 1
592 1198 12
592 1233 2
592 1327 8
592 1344 2
592 1659 1
592 1715 4
592 1859 3
592 2238 1
592 2990 5
592 3270 1
592 3735 2
592 3966 2
604 677 1
604 740 10
604 749 14
604 783 19
604 824 7
604 846 5
604 855 3
604 956 5
604 976 5
604 1004 4
604 1121 31
604 1146 14
604 1198 12
604 1233 9
604 1327 8
604 1344 8
604 1659 2
604 1715 30
604 1859 16
604 2238 13
604 2990 6
604 3270 9
604 3735 10
604 3966 16
677 740 1
677 749 2
677 783 1
677 846 1
677 855 2
677 976 4
677 1004 9
677 1121 4
677 1146 3
677 1198 1
677 1233 1
677 1327 6
677 1344 2
677 1659 1
677 1715 2
677 1859 2
677 2238 2
677 3270 2
677 3966 1
740 783 2
740 846 3
740 855 2
740 956 2
740 976 2
740 1004 1
740 1121 4
740 1146 1
740 1198 6
740 1233 2
740 1327 9
740 1344 3
740 1659 2
740 1715 5
740 1859 2
740 2238 4
740 2990 2
740 3270 2
740 3735 2
740 3966 3
749 783 10
749 824 3
749 846 4
749 855 3
749 956 4
749 976 5
749 1004 4
749 1121 10
749 1146 4
749 1198 8
749 1233 4
749 1327 6
749 1344 8
749 1659 2
749 1715 16
749 1859 12
749 2238 3
749 2990 8
749 3270 6
749 3735 5
749 3966 8
783 824 3
783 846 2
783 855 1
783 956 1
783 976 5
783 1004 2
783 1121 16
783 1146 5
783 1198 4
783 1233 5
783 1327 9
783 1659 1
783 1715 15
783 1859 10
783 2238 7
783 2990 3
783 3270 1
783 3735 1
783 3966 8
824 846 8
824 855 3
824 976 5
824 1004 2
824 1121 5
824 1146 5
824 1198 4
824 1233 3
824 1327 6
824 1344 1
824 1659 3
824 1715 7
824 1859 7
824 3270 2
824 3966 1
846 855 1
846 956 2
846 976 4
846 1004 3
846 1121 5
846 1146 2
846 1198 4
846 1233 1
846 1327 10
846 1344 3
846 1659 4
846 1715 5
846 1859 6
846 2238 3
846 2990 2
846 3270 1
846 3735 2
846 3966 2
855 956 1
855 976 6
855 1121 5
855 1146 1
855 1198 3
855 1233 2
855 1327 5
855 1344 2
855 1659 2
855 1715 1
855 1859 1
855 2238 2
855 3270 1
855 3735 1
956 976 3
956 1004 2
956 1121 7
956 1146 1
956 1198 2
956 1233 2
956 1327 4
956 1344 4
956 1659 1
956 1715 1
956 1859 3
956 2238 2
956 2990 3
956 3270 2
956 3735 5
956 3966 2
976 1004 2
976 1121 7
976 1146 8
976 1198 7
976 1233 10
976 1327 8
976 1344 4
976 1659 3
976 1715 9
976 1859 5
976 2238 5
976 2990 5
976 3270 6
976 3735 3
976 3966 2
1004 1121 5
1004 1146 1
1004 1327 10
1004 1659 3
1004 1715 2
1004 1859 6
1004 2990 5
1004 3270 1
1004 3735 1
1121 1146 9
1121 1198 6
1121 1233 9
1121 1327 8
1121 1344 5
1121 1659 2
1121 1715 9
1121 1859 6
1121 2238 6
1121 2990 7
1121 3270 7
1121 3735 4
1121 3966 6
1146 1198 5
1146 1233 2
1146 1327 3
1146 1344 3
1146 1659 2
1146 1715 12
1146 1859 8
1146 2238 7
1146 2990 2
1146 3270 4
1146 3735 2
1146 3966 2
1198 1233 8
1198 1327 13
1198 1344 5
1198 1659 7
1198 1715 5
1198 1859 10
1198 2238 2
1198 2990 1
1198 3270 3
1198 3966 3
1233 1327 7
1233 1344 2
1233 1659 4
1233 1715 10
1233 1859 8
1233 2238 2
1233 2990 4
1233 3270 4
1233 3966 2
1327 1344 1
1327 1659 3
1327 1715 12
1327 1859 7
1327 2238 5
1327 2990 6
1327 3270 2
1327 3735 2
1327 3966 7
1344 1659 5
1344 1715 5
1344 1859 3
1344 2238 4
1344 2990 2
1344 3270 4
1344 3966 4
1659 1715 3
1659 1859 3
1659 2238 2
1715 1859 9
1715 2238 4
1715 2990 7
1715 3270 4
1715 3735 4
1715 3966 14
1859 2238 6
1859 2990 5
1859 3270 6
1859 3735 6
1859 3966 7
2238 2990 2
2238 3735 1
2238 3966 2
2990 3270 5
2990 3735 46
2990 3966 3
3270 3735 3
3270 3966 3
3735 3966 2
