9 19 73
9 31 14
9 32 203
9 36 38
9 37 9
9 38 155
9 39 660
9 41 232
9 45 7
9 48 624
9 49 22
9 60 55
9 65 115
9 78 20
9 79 15
9 89 84
9 101 70
9 110 10
9 117 44
9 123 17
9 147 41
9 161 25
9 170 33
9 179 19
9 185 32
9 201 37
9 225 38
9 237 59
9 242 17
9 249 27
9 255 33
9 258 38
9 264 13
9 270 29
9 271 41
9 286 13
9 301 51
9 310 74
9 338 59
9 389 12
9 413 56
9 438 14
9 475 51
9 479 23
9 522 31
9 533 42
9 544 37
9 548 19
9 589 27
9 592 23
9 604 52
9 677 21
9 740 21
9 783 37
9 824 37
9 956 19
9 1004 23
9 1146 26
9 1327 32
9 1344 9
9 1393 35
9 1578 7
9 2238 29
9 12925 9
19 31 11
19 32 149
19 36 21
19 37 12
19 38 117
19 39 477
19 41 137
19 45 8
19 48 464
19 49 11
19 60 44
19 65 56
19 78 18
19 79 9
19 89 60
19 101 63
19 110 15
19 117 3
19 123 26
19 147 30
19 161 11
19 170 25
19 179 18
19 185 34
19 201 20
19 225 27
19 237 45
19 242 5
19 249 15
19 255 15
19 258 26
19 264 13
19 270 12
19 271 15
19 286 7
19 301 21
19 310 50
19 338 29
19 389 7
19 413 32
19 438 23
19 475 42
19 479 14
19 522 22
19 533 19
19 544 27
19 548 13
19 589 14
19 592 25
19 604 26
19 677 20
19 740 9
19 783 21
19 824 19
19 956 8
19 1004 20
19 1146 13
19 1327 16
19 1344 5
19 1393 21
19 1578 12
19 2238 7
19 12925 15
31 32 149
31 36 12
31 37 16
31 38 124
31 39 429
31 41 141
31 45 3
31 48 377
31 49 4
31 60 20
31 65 48
31 78 11
31 79 23
31 89 63
31 101 33
31 110 30
31 117 5
31 123 29
31 147 17
31 161 2
31 170 20
31 179 11
31 185 18
31 201 13
31 225 45
31 237 85
31 242 4
31 249 35
31 255 23
31 258 9
31 264 20
31 270 19
31 271 36
31 286 9
31 301 6
31 310 42
31 338 11
31 389 24
31 413 12
31 438 10
31 475 26
31 479 6
31 522 11
31 533 22
31 544 8
31 548 16
31 589 5
31 592 6
31 604 12
31 677 13
31 740 16
31 783 10
31 824 8
31 956 10
31 1004 11
31 1146 13
31 1327 37
31 1344 10
31 1393 11
31 1578 28
31 2238 19
31 12925 16
32 36 420
32 37 150
32 38 2314
32 39 6799
32 41 2296
32 45 93
32 48 6378
32 49 161
32 60 240
32 65 602
32 78 183
32 79 310
32 89 556
32 101 330
32 110 371
32 117 168
32 123 201
32 147 300
32 161 149
32 170 447
32 179 187
32 185 234
32 201 149
32 225 549
32 237 452
32 242 110
32 249 167
32 255 260
32 258 149
32 264 125
32 270 372
32 271 394
32 286 168
32 301 225
32 310 439
32 338 187
32 389 171
32 413 205
32 438 265
32 475 363
32 479 124
32 522 149
32 533 242
32 544 121
32 548 219
32 589 172
32 592 212
32 604 183
32 677 211
32 740 141
32 783 186
32 824 193
32 956 160
32 1004 224
32 1146 295
32 1327 313
32 1344 169
32 1393 191
32 1578 138
32 2238 286
32 12925 142
36 37 58
36 38 2285
36 39 1659
36 41 510
36 45 50
36 48 1161
36 49 20
36 60 29
36 65 126
36 78 45
36 79 64
36 89 121
36 101 60
36 110 156
36 117 32
36 123 29
36 147 43
36 161 23
36 170 174
36 179 24
36 185 35
36 201 25
36 225 121
36 237 127
36 242 51
36 249 48
36 255 48
36 258 23
36 264 61
36 270 41
36 271 70
36 286 37
36 301 35
36 310 70
36 338 21
36 389 46
36 413 40
36 438 49
36 475 44
36 479 25
36 522 21
36 533 36
36 544 14
36 548 7
36 589 45
36 592 25
36 604 39
36 677 18
36 740 50
36 783 37
36 824 15
36 956 14
36 1004 25
36 1146 54
36 1327 60
36 1344 36
36 1393 28
36 1578 35
36 2238 54
36 12925 36
37 38 848
37 39 567
37 41 173
37 45 24
37 48 458
37 49 10
37 60 7
37 65 24
37 78 10
37 79 14
37 89 57
37 101 22
37 110 63
37 117 8
37 123 6
37 147 33
37 161 5
37 170 42
37 179 8
37 185 10
37 201 11
37 225 26
37 237 48
37 242 3
37 249 18
37 255 18
37 258 12
37 264 13
37 270 25
37 271 16
37 286 26
37 301 13
37 310 19
37 338 12
37 389 17
37 413 6
37 438 44
37 475 21
37 479 9
37 522 11
37 533 12
37 544 2
37 548 16
37 589 3
37 592 18
37 604 5
37 677 9
37 740 4
37 783 5
37 824 6
37 956 6
37 1004 8
37 1146 17
37 1327 18
37 1344 6
37 1393 12
37 1578 9
37 2238 14
37 12925 11
38 39 8328
38 41 2773
38 45 131
38 48 6367
38 49 180
38 60 173
38 65 538
38 78 178
38 79 257
38 89 602
38 101 274
38 110 2150
38 117 116
38 123 166
38 147 273
38 161 164
38 170 2495
38 179 136
38 185 183
38 201 119
38 225 576
38 237 536
38 242 154
38 249 216
38 255 229
38 258 131
38 264 208
38 270 319
38 271 321
38 286 860
38 301 118
38 310 342
38 338 149
38 389 185
38 413 193
38 438 305
38 475 313
38 479 108
38 522 109
38 533 188
38 544 98
38 548 169
38 589 140
38 592 152
38 604 168
38 677 138
38 740 174
38 783 141
38 824 126
38 956 128
38 1004 141
38 1146 264
38 1327 339
38 1344 187
38 1393 174
38 1578 137
38 2238 319
38 12925 157
39 41 8058
39 45 437
39 48 23025
39 49 596
39 60 904
39 65 2255
39 78 620
39 79 888
39 89 2144
39 101 1112
39 110 1398
39 117 476
39 123 596
39 147 934
39 161 483
39 170 1678
39 179 514
39 185 682
39 201 550
39 225 1943
39 237 1525
39 242 442
39 249 577
39 255 869
39 258 501
39 264 490
39 270 977
39 271 1168
39 286 561
39 301 576
39 310 1459
39 338 593
39 389 478
39 413 744
39 438 958
39 475 1206
39 479 452
39 522 540
39 533 726
39 544 436
39 548 528
39 589 561
39 592 604
39 604 662
39 677 511
39 740 594
39 783 589
39 824 520
39 956 463
39 1004 464
39 1146 870
39 1327 1133
39 1344 478
39 1393 652
39 1578 476
39 2238 1039
39 12925 518
41 45 115
41 48 6300
41 49 151
41 60 229
41 65 709
41 78 137
41 79 360
41 89 463
41 101 335
41 110 457
41 117 216
41 123 168
41 147 320
41 161 142
41 170 601
41 179 154
41 185 209
41 201 181
41 225 663
41 237 403
41 242 88
41 249 178
41 255 254
41 258 177
41 264 153
41 270 375
41 271 421
41 286 175
41 301 177
41 310 514
41 338 177
41 389 147
41 413 189
41 438 296
41 475 428
41 479 135
41 522 150
41 533 230
41 544 160
41 548 164
41 589 152
41 592 235
41 604 238
41 677 169
41 740 149
41 783 180
41 824 204
41 956 158
41 1004 132
41 1146 412
41 1327 450
41 1344 253
41 1393 156
41 1578 126
41 2238 412
45 48 388
45 49 7
45 60 10
45 65 30
45 78 5
45 79 23
45 89 37
45 101 41
45 110 10
45 117 8
45 123 11
45 147 18
45 161 7
45 170 28
45 185 12
45 201 12
45 225 44
45 237 44
45 242 10
45 249 30
45 255 19
45 258 3
45 264 6
45 270 6
45 271 21
45 286 6
45 301 8
45 310 22
45 338 7
45 389 8
45 413 33
45 475 8
45 479 6
45 522 9
45 533 41
45 544 7
45 548 11
45 589 9
45 592 7
45 604 14
45 677 13
45 740 19
45 783 5
45 824 2
45 956 5
45 1004 15
45 1146 15
45 1327 32
45 1344 25
45 1393 20
45 1578 7
45 2238 11
45 12925 10
48 49 658
48 60 744
48 65 2031
48 78 646
48 79 702
48 89 2180
48 101 1025
48 110 1098
48 117 508
48 123 644
48 147 847
48 161 396
48 170 1254
48 179 491
48 185 662
48 201 546
48 225 1420
48 237 1332
48 242 302
48 249 518
48 255 873
48 258 521
48 264 429
48 270 787
48 271 896
48 286 441
48 301 516
48 310 1316
48 338 616
48 389 367
48 413 723
48 438 775
48 475 1142
48 479 387
48 522 471
48 533 672
48 544 416
48 548 525
48 589 487
48 592 627
48 604 578
48 677 519
48 740 394
48 783 532
48 824 509
48 956 420
48 1004 482
48 1146 716
48 1327 944
48 1344 422
48 1393 555
48 1578 378
48 2238 745
48 12925 438
49 60 11
49 65 51
49 78 24
49 79 13
49 89 12
49 101 43
49 110 31
49 117 12
49 123 28
49 147 19
49 161 18
49 170 30
49 179 24
49 185 17
49 201 26
49 225 43
49 237 30
49 242 8
49 249 11
49 255 20
49 258 24
49 264 9
49 270 33
49 271 20
49 286 15
49 301 20
49 310 41
49 338 28
49 389 9
49 413 28
49 438 24
49 475 50
49 479 19
49 522 15
49 533 21
49 544 18
49 548 14
49 589 20
49 592 28
49 604 18
49 677 21
49 740 14
49 783 12
49 824 21
49 956 11
49 1004 22
49 1146 17
49 1327 32
49 1344 8
49 1393 18
49 1578 8
49 2238 18
49 12925 10
60 65 158
60 78 19
60 79 28
60 89 129
60 101 9
60 110 35
60 117 26
60 123 31
60 147 41
60 161 29
60 170 30
60 179 5
60 185 35
60 201 32
60 225 67
60 237 79
60 242 13
60 249 28
60 255 45
60 258 33
60 264 23
60 270 29
60 271 29
60 286 10
60 301 80
60 310 110
60 338 2
60 389 13
60 413 66
60 438 29
60 475 44
60 479 40
60 522 29
60 533 28
60 544 36
60 548 20
60 589 39
60 592 32
60 604 103
60 677 22
60 740 21
60 783 47
60 824 18
60 956 11
60 1004 21
60 1146 29
60 1327 29
60 1344 17
60 1393 28
60 1578 13
60 2238 33
60 12925 15
65 78 51
65 79 79
65 89 247
65 101 180
65 110 73
65 117 85
65 123 82
65 147 128
65 161 61
65 170 94
65 179 72
65 185 62
65 201 137
65 225 179
65 237 164
65 242 31
65 249 82
65 255 105
65 258 74
65 264 71
65 270 77
65 271 147
65 286 29
65 301 118
65 310 187
65 338 100
65 389 40
65 413 137
65 438 79
65 475 136
65 479 84
65 522 65
65 533 79
65 544 53
65 548 79
65 589 92
65 592 84
65 604 112
65 677 60
65 740 40
65 783 115
65 824 89
65 956 56
65 1004 64
65 1146 83
65 1327 132
65 1344 43
65 1393 87
65 1578 42
65 2238 100
65 12925 59
78 79 19
78 89 107
78 101 31
78 110 25
78 117 17
78 123 14
78 147 22
78 161 14
78 170 37
78 179 18
78 185 24
78 201 7
78 225 41
78 237 55
78 242 6
78 249 10
78 255 17
78 258 11
78 264 11
78 270 22
78 271 15
78 286 6
78 301 13
78 310 42
78 338 12
78 389 7
78 413 19
78 438 18
78 475 39
78 479 22
78 522 6
78 533 24
78 544 18
78 548 11
78 589 12
78 592 13
78 604 21
78 677 12
78 740 8
78 783 15
78 824 18
78 956 13
78 1004 9
78 1146 32
78 1327 23
78 1344 8
78 1393 25
78 1578 5
78 2238 26
78 12925 12
79 89 56
79 101 47
79 110 37
79 117 19
79 123 14
79 147 37
79 161 20
79 170 55
79 179 17
79 185 41
79 201 24
79 225 115
79 237 45
79 242 11
79 249 22
79 255 25
79 258 19
79 264 9
79 270 47
79 271 55
79 286 10
79 301 20
79 310 52
79 338 19
79 389 25
79 413 29
79 438 29
79 475 61
79 479 19
79 522 20
79 533 24
79 544 13
79 548 17
79 589 12
79 592 20
79 604 23
79 677 16
79 740 11
79 783 28
79 824 14
79 956 8
79 1004 34
79 1146 67
79 1327 38
79 1344 19
79 1393 21
79 1578 12
79 2238 68
79 12925 9
89 101 151
89 110 79
89 117 56
89 123 64
89 147 95
89 161 56
89 170 140
89 179 50
89 185 75
89 201 82
89 225 139
89 237 180
89 242 32
89 249 67
89 255 73
89 258 72
89 264 62
89 270 58
89 271 80
89 286 44
89 301 58
89 310 178
89 338 85
89 389 37
89 413 75
89 438 55
89 475 117
89 479 53
89 522 48
89 533 97
89 544 57
89 548 48
89 589 78
89 592 105
89 604 67
89 677 43
89 740 53
89 783 70
89 824 51
89 956 50
89 1004 46
89 1146 57
89 1327 85
89 1344 33
89 1393 77
89 1578 42
89 2238 74
89 12925 56
101 110 27
101 117 38
101 123 46
101 147 106
101 161 19
101 170 61
101 179 15
101 185 65
101 201 85
101 225 71
101 237 103
101 242 23
101 249 39
101 255 79
101 258 38
101 264 21
101 270 38
101 271 67
101 286 12
101 301 99
101 310 106
101 338 20
101 389 23
101 413 120
101 438 25
101 475 88
101 479 49
101 522 53
101 533 65
101 544 59
101 548 35
101 589 41
101 592 34
101 604 86
101 677 49
101 740 37
101 783 56
101 824 87
101 956 34
101 1004 36
101 1146 37
101 1327 54
101 1344 15
101 1393 33
101 1578 16
101 2238 53
101 12925 27
110 117 10
110 123 19
110 147 29
110 161 44
110 170 131
110 179 13
110 185 21
110 201 12
110 225 88
110 237 83
110 242 14
110 249 34
110 255 34
110 258 23
110 264 41
110 270 56
110 271 53
110 286 52
110 301 9
110 310 52
110 338 16
110 389 28
110 413 26
110 438 39
110 475 44
110 479 11
110 522 16
110 533 29
110 544 19
110 548 56
110 589 19
110 592 24
110 604 22
110 677 15
110 740 9
110 783 15
110 824 10
110 956 17
110 1004 26
110 1146 44
110 1327 65
110 1344 16
110 1393 18
110 1578 12
110 2238 49
110 12925 29
117 123 19
117 147 32
117 161 19
117 170 28
117 179 17
117 185 30
117 201 22
117 225 46
117 237 38
117 242 7
117 249 16
117 255 19
117 258 20
117 264 6
117 270 21
117 271 31
117 286 11
117 301 30
117 310 48
117 338 33
117 389 3
117 413 35
117 438 12
117 475 42
117 479 20
117 522 19
117 533 33
117 544 14
117 548 10
117 589 22
117 592 26
117 604 26
117 677 13
117 740 28
117 783 28
117 824 25
117 956 15
117 1004 12
117 1146 27
117 1327 19
117 1344 17
117 1393 18
117 1578 12
117 2238 21
117 12925 9
123 147 50
123 161 17
123 170 30
123 179 19
123 185 28
123 201 30
123 225 45
123 237 54
123 242 9
123 249 5
123 255 20
123 258 19
123 264 20
123 270 19
123 271 20
123 286 10
123 301 25
123 310 68
123 338 42
123 389 9
123 413 34
123 438 30
123 475 49
123 479 29
123 522 25
123 533 20
123 544 22
123 548 22
123 589 17
123 592 36
123 604 15
123 677 36
123 740 6
123 783 27
123 824 27
123 956 11
123 1004 19
123 1146 9
123 1327 33
123 1344 15
123 1393 20
123 1578 12
123 2238 18
123 12925 16
147 161 11
147 170 54
147 179 124
147 185 43
147 201 49
147 225 75
147 237 80
147 242 5
147 249 13
147 255 34
147 258 8
147 264 16
147 270 50
147 271 57
147 286 25
147 301 8
147 310 70
147 338 63
147 389 20
147 413 73
147 438 25
147 475 84
147 479 30
147 522 17
147 533 37
147 544 12
147 548 36
147 589 23
147 592 54
147 604 24
147 677 7
147 740 22
147 783 29
147 824 19
147 956 6
147 1004 38
147 1146 22
147 1327 44
147 1344 28
147 1393 27
147 1578 33
147 2238 46
147 12925 17
161 170 23
161 179 21
161 185 8
161 201 23
161 225 37
161 237 30
161 242 7
161 249 16
161 255 29
161 258 7
161 264 8
161 270 22
161 271 21
161 286 4
161 301 15
161 310 31
161 338 31
161 389 7
161 413 16
161 438 37
161 475 31
161 479 6
161 522 6
161 533 17
161 544 15
161 548 10
161 589 6
161 592 6
161 604 26
161 677 7
161 740 3
161 783 19
161 824 5
161 1004 9
161 1146 21
161 1327 28
161 1344 16
161 1393 9
161 1578 3
161 2238 15
161 12925 9
170 179 30
170 185 42
170 201 28
170 225 106
170 237 117
170 242 31
170 249 45
170 255 55
170 258 19
170 264 57
170 270 56
170 271 48
170 286 44
170 301 27
170 310 82
170 338 36
170 389 33
170 413 41
170 438 80
170 475 53
170 479 24
170 522 20
170 533 25
170 544 26
170 548 26
170 589 23
170 592 22
170 604 23
170 677 27
170 740 31
170 783 22
170 824 25
170 956 31
170 1004 23
170 1146 50
170 1327 72
170 1344 33
170 1393 40
170 1578 35
170 2238 60
170 12925 26
179 185 20
179 201 15
179 225 35
179 237 26
179 242 6
179 249 15
179 255 34
179 258 29
179 264 8
179 270 20
179 271 19
179 286 10
179 301 98
179 310 30
179 338 3
179 389 10
179 413 26
179 438 29
179 475 40
179 479 25
179 522 13
179 533 29
179 544 8
179 548 29
179 589 14
179 592 21
179 604 24
179 677 8
179 740 10
179 783 22
179 824 61
179 956 23
179 1004 16
179 1146 11
179 1327 35
179 1344 11
179 1393 17
179 1578 20
179 2238 16
179 12925 9
185 201 42
185 225 50
185 237 64
185 242 23
185 249 27
185 255 24
185 258 25
185 264 23
185 270 39
185 271 43
185 286 10
185 301 32
185 310 72
185 338 39
185 389 16
185 413 59
185 438 25
185 475 54
185 479 32
185 522 24
185 533 22
185 544 22
185 548 29
185 589 35
185 592 31
185 604 42
185 677 23
185 740 12
185 783 29
185 824 32
185 956 28
185 1004 26
185 1146 26
185 1327 46
185 1344 15
185 1393 30
185 1578 15
185 2238 23
185 12925 27
201 225 37
201 237 39
201 242 6
201 249 24
201 255 44
201 258 26
201 264 7
201 270 18
201 271 32
201 286 11
201 301 31
201 310 54
201 338 48
201 389 8
201 413 43
201 438 25
201 475 44
201 479 23
201 522 29
201 533 29
201 544 19
201 548 21
201 589 22
201 592 27
201 604 37
201 677 25
201 740 9
201 783 32
201 824 35
201 956 38
201 1004 23
201 1146 29
201 1327 44
201 1344 11
201 1393 29
201 1578 10
201 2238 21
201 12925 9
225 237 128
225 242 52
225 249 43
225 255 55
225 258 24
225 264 43
225 270 249
225 271 314
225 286 33
225 301 50
225 310 135
225 338 30
225 389 68
225 413 67
225 438 48
225 475 77
225 479 39
225 522 28
225 533 46
225 544 28
225 548 51
225 589 41
225 592 32
225 604 54
225 677 33
225 740 49
225 783 66
225 824 29
225 956 31
225 1004 35
225 1146 113
225 1327 60
225 1344 36
225 1393 38
225 1578 35
225 2238 342
225 12925 38
237 242 41
237 249 135
237 255 72
237 258 66
237 264 41
237 270 55
237 271 50
237 286 46
237 301 53
237 310 153
237 338 54
237 389 18
237 413 65
237 438 70
237 475 139
237 479 19
237 522 42
237 533 81
237 544 27
237 548 36
237 589 47
237 592 55
237 604 40
237 677 26
237 740 40
237 783 63
237 824 26
237 956 19
237 1004 22
237 1146 45
237 1327 56
237 1344 36
237 1393 70
237 1578 46
237 2238 33
237 12925 26
242 249 22
242 255 16
242 258 1
242 264 8
242 270 16
242 271 38
242 286 9
242 301 7
242 310 23
242 338 6
242 389 5
242 413 12
242 438 8
242 475 13
242 479 16
242 522 4
242 533 28
242 548 9
242 589 18
242 592 6
242 604 17
242 677 3
242 740 57
242 783 17
242 824 1
242 956 3
242 1004 13
242 1146 13
242 1327 29
242 1344 4
242 1393 12
242 1578 3
242 2238 14
242 12925 26
249 255 25
249 258 8
249 264 24
249 270 26
249 271 41
249 286 10
249 301 12
249 310 62
249 338 15
249 389 5
249 413 24
249 438 13
249 475 46
249 479 12
249 522 15
249 533 30
249 544 10
249 548 15
249 589 15
249 592 24
249 604 30
249 677 9
249 740 25
249 783 18
249 824 15
249 956 8
249 1004 16
249 1146 13
249 1327 33
249 1344 22
249 1393 32
249 1578 15
249 2238 18
249 12925 11
255 258 17
255 264 21
255 270 22
255 271 44
255 286 17
255 301 21
255 310 67
255 338 27
255 389 20
255 413 40
255 438 32
255 475 38
255 479 28
255 522 24
255 533 27
255 544 15
255 548 27
255 589 34
255 592 27
255 604 42
255 677 28
255 740 25
255 783 19
255 824 17
255 956 18
255 1004 23
255 1146 22
255 1327 35
255 1344 7
255 1393 27
255 1578 14
255 2238 31
255 12925 12
258 264 21
258 270 19
258 271 12
258 286 14
258 301 2
258 310 27
258 338 62
258 389 20
258 413 39
258 438 13
258 475 42
258 479 12
258 522 19
258 533 34
258 544 29
258 548 26
258 589 11
258 592 16
258 604 19
258 740 12
258 783 22
258 824 3
258 956 6
258 1004 37
258 1146 8
258 1327 11
258 1344 24
258 1393 18
258 1578 2
258 2238 22
258 12925 7
264 270 23
264 271 25
264 286 14
264 301 21
264 310 36
264 338 12
264 389 8
264 413 20
264 438 21
264 475 22
264 479 7
264 522 9
264 533 8
264 544 9
264 548 22
264 589 14
264 592 15
264 604 15
264 677 17
264 740 11
264 783 11
264 824 10
264 956 10
264 1004 18
264 1146 9
264 1327 21
264 1344 9
264 1393 16
264 1578 14
264 2238 21
264 12925 14
270 271 551
270 286 32
270 301 24
270 310 52
270 338 17
270 389 56
270 413 31
270 438 51
270 475 55
270 479 25
270 522 18
270 533 30
270 544 20
270 548 38
270 589 15
270 592 26
270 604 10
270 677 20
270 740 10
270 783 26
270 824 14
270 956 29
270 1004 29
270 1146 34
270 1327 35
270 1344 26
270 1393 19
270 1578 27
270 2238 212
270 12925 20
271 286 16
271 301 30
271 310 56
271 338 26
271 389 67
271 413 44
271 438 27
271 475 49
271 479 24
271 522 16
271 533 37
271 544 21
271 548 43
271 589 25
271 592 26
271 604 35
271 677 22
271 740 19
271 783 33
271 824 20
271 956 14
271 1004 34
271 1146 41
271 1327 44
271 1344 15
271 1393 22
271 1578 14
271 2238 239
271 12925 27
286 301 8
286 310 16
286 338 10
286 389 11
286 413 10
286 438 20
286 475 27
286 479 8
286 522 7
286 533 10
286 544 7
286 548 9
286 589 8
286 592 9
286 604 7
286 677 6
286 740 3
286 783 7
286 824 3
286 956 6
286 1004 3
286 1146 10
286 1327 20
286 1344 18
286 1393 14
286 1578 5
286 2238 14
286 12925 8
301 310 55
301 338 15
301 389 8
301 413 45
301 438 19
301 475 37
301 479 34
301 522 23
301 533 21
301 544 18
301 548 17
301 589 32
301 592 37
301 604 52
301 677 3
301 740 19
301 783 44
301 824 9
301 956 2
301 1004 16
301 1146 15
301 1327 43
301 1344 12
301 1393 20
301 1578 3
301 2238 21
301 12925 10
310 338 40
310 389 31
310 413 57
310 438 45
310 475 16
310 479 41
310 522 63
310 533 47
310 544 29
310 548 40
310 589 41
310 592 45
310 604 71
310 677 16
310 740 34
310 783 48
310 824 36
310 956 32
310 1004 36
310 1146 97
310 1327 77
310 1344 35
310 1393 45
310 1578 23
310 2238 59
310 12925 37
338 389 8
338 413 52
338 438 13
338 475 72
338 479 13
338 522 28
338 533 49
338 544 31
338 548 28
338 589 21
338 592 31
338 604 26
338 677 35
338 740 10
338 783 32
338 824 52
338 956 26
338 1004 27
338 1146 17
338 1327 15
338 1344 15
338 1393 22
338 1578 11
338 2238 22
338 12925 11
389 413 13
389 438 18
389 475 21
389 479 12
389 522 7
389 533 14
389 544 5
389 548 14
389 589 7
389 592 5
389 604 10
389 677 5
389 740 7
389 783 13
389 824 7
389 956 7
389 1004 9
389 1146 20
389 1327 8
389 1344 11
389 1393 4
389 1578 6
389 2238 36
389 12925 9
413 438 16
413 475 57
413 479 36
413 522 25
413 533 33
413 544 31
413 548 29
413 589 15
413 592 19
413 604 52
413 677 23
413 740 14
413 783 27
413 824 40
413 956 31
413 1004 67
413 1146 14
413 1327 37
413 1344 12
413 1393 34
413 1578 11
413 2238 38
413 12925 22
438 475 51
438 479 15
438 522 17
438 533 20
438 544 16
438 548 20
438 589 22
438 592 22
438 604 19
438 677 22
438 740 28
438 783 21
438 824 17
438 956 8
438 1004 19
438 1146 9
438 1327 19
438 1344 7
438 1393 27
438 1578 8
438 2238 29
438 12925 8
475 479 31
475 522 57
475 533 62
475 544 41
475 548 29
475 589 19
475 592 49
475 604 43
475 677 55
475 740 30
475 783 32
475 824 42
475 956 47
475 1004 49
475 1146 57
475 1327 47
475 1344 19
475 1393 49
475 1578 30
475 2238 28
475 12925 21
479 522 16
479 533 17
479 544 10
479 548 12
479 589 31
479 592 17
479 604 31
479 677 17
479 740 4
479 783 30
479 824 22
479 956 6
479 1004 16
479 1146 13
479 1327 21
479 1344 18
479 1393 18
479 1578 9
479 2238 15
479 12925 14
522 533 21
522 544 31
522 548 14
522 589 21
522 592 22
522 604 33
522 677 20
522 740 10
522 783 12
522 824 20
522 956 13
522 1004 22
522 1146 16
522 1327 18
522 1344 15
522 1393 19
522 1578 9
522 2238 23
522 12925 12
533 544 31
533 548 21
533 589 29
533 592 35
533 604 35
533 677 26
533 740 27
533 783 34
533 824 25
533 956 35
533 1004 25
533 1146 31
533 1327 48
533 1344 8
533 1393 27
533 1578 19
533 2238 28
533 12925 17
544 548 8
544 589 14
544 592 14
544 604 24
544 677 14
544 740 13
544 783 11
544 824 13
544 956 13
544 1004 13
544 1146 15
544 1327 17
544 1344 11
544 1393 16
544 1578 7
544 2238 13
544 12925 10
548 589 14
548 592 19
548 604 14
548 677 20
548 740 1
548 783 17
548 824 17
548 956 7
548 1004 29
548 1146 13
548 1327 31
548 1344 25
548 1393 11
548 1578 7
548 2238 35
548 12925 30
589 592 19
589 604 42
589 677 11
589 740 14
589 783 34
589 824 29
589 956 15
589 1004 10
589 1146 24
589 1327 26
589 1344 8
589 1393 20
589 1578 8
589 2238 32
589 12925 14
592 604 20
592 677 41
592 740 13
592 783 26
592 824 30
592 956 13
592 1004 27
592 1146 16
592 1327 22
592 1344 18
592 1393 31
592 1578 24
592 2238 17
592 12925 5
604 677 8
604 740 31
604 783 50
604 824 15
604 956 24
604 1004 17
604 1146 29
604 1327 31
604 1344 13
604 1393 31
604 1578 6
604 2238 30
604 12925 15
677 740 5
677 783 15
677 824 9
677 956 3
677 1004 49
677 1146 27
677 1327 27
677 1344 10
677 1393 16
677 1578 14
677 2238 27
677 12925 11
740 783 14
740 824 6
740 956 5
740 1004 10
740 1146 8
740 1327 35
740 1344 10
740 1393 24
740 1578 5
740 2238 13
740 12925 15
783 824 21
783 956 9
783 1004 15
783 1146 16
783 1327 35
783 1344 14
783 1393 39
783 1578 12
783 2238 35
783 12925 14
824 956 7
824 1004 30
824 1146 22
824 1327 39
824 1344 11
824 1393 16
824 1578 14
824 2238 16
824 12925 15
956 1004 16
956 1146 19
956 1327 9
956 1344 14
956 1393 23
956 1578 2
956 2238 15
956 12925 9
1004 1146 18
1004 1327 51
1004 1344 7
1004 1393 18
1004 1578 11
1004 2238 25
1004 12925 18
1146 1327 21
1146 1344 19
1146 1393 37
1146 1578 20
1146 2238 42
1146 12925 12
1327 1344 26
1327 1393 30
1327 1578 4
1327 2238 25
1344 1393 11
1344 1578 7
1344 2238 14
1393 1578 23
1393 2238 20
1393 12925 13
1578 2238 17
1578 12925 2
2238 12925 9
