9 11 1
9 32 1
9 38 2
9 39 8
9 41 3
9 48 5
9 65 1
9 101 1
9 155 1
9 170 2
9 179 1
9 208 1
9 242 1
9 249 1
9 310 1
9 589 1
9 664 1
9 789 1
9 809 1
9 824 1
9 1198 1
9 1233 1
11 32 1
11 38 2
11 39 8
11 41 5
11 48 7
11 60 1
11 65 1
11 89 2
11 101 1
11 117 1
11 225 1
11 255 1
11 310 1
11 381 1
11 475 2
11 533 2
11 604 1
11 664 2
11 789 2
11 809 1
11 976 1
11 1233 1
11 1327 1
11 1659 1
32 36 1
32 37 2
32 38 26
32 39 59
32 41 30
32 48 43
32 49 2
32 60 2
32 65 3
32 79 1
32 89 2
32 101 2
32 105 1
32 110 5
32 117 2
32 123 2
32 161 1
32 170 4
32 179 2
32 185 2
32 186 2
32 201 1
32 208 1
32 237 2
32 242 1
32 249 1
32 255 1
32 259 1
32 264 1
32 271 5
32 286 2
32 310 3
32 334 1
32 338 1
32 340 3
32 371 1
32 381 2
32 413 2
32 438 1
32 441 3
32 475 6
32 511 4
32 522 1
32 533 5
32 548 5
32 550 2
32 570 2
32 589 2
32 592 2
32 604 3
32 612 1
32 664 4
32 677 3
32 740 2
32 789 2
32 809 2
32 824 1
32 855 5
32 976 2
32 1327 5
32 1393 1
36 37 1
36 38 39
36 39 28
36 41 16
36 45 2
36 48 17
36 65 1
36 79 2
36 89 2
36 101 1
36 105 1
36 117 1
36 123 1
36 155 1
36 170 2
36 225 1
36 237 1
36 242 1
36 249 1
36 255 3
36 259 1
36 264 2
36 271 1
36 286 1
36 310 2
36 334 1
36 338 2
36 340 2
36 381 1
36 438 1
36 441 3
36 511 1
36 533 1
36 535 1
36 548 1
36 550 1
36 570 1
36 589 2
36 740 4
36 809 2
36 976 2
36 1198 2
36 1233 1
36 1327 4
36 1393 1
36 1659 1
37 38 18
37 39 11
37 41 8
37 45 1
37 48 10
37 65 1
37 89 2
37 110 1
37 161 1
37 170 2
37 255 2
37 334 1
37 340 1
37 438 1
37 855 1
38 39 135
38 41 81
38 45 3
38 48 97
38 49 5
38 60 2
38 65 6
38 68 3
38 79 2
38 89 12
38 95 3
38 101 5
38 105 8
38 110 38
38 117 4
38 123 4
38 155 4
38 161 6
38 170 48
38 179 2
38 185 1
38 186 2
38 201 2
38 208 2
38 225 2
38 237 5
38 242 2
38 249 5
38 255 6
38 259 3
38 264 2
38 269 1
38 271 4
38 286 11
38 310 3
38 334 4
38 338 3
38 340 4
38 359 2
38 371 11
38 381 3
38 413 2
38 438 6
38 441 4
38 475 6
38 511 1
38 533 6
38 535 4
38 548 5
38 550 3
38 570 3
38 589 5
38 592 3
38 604 5
38 612 1
38 664 5
38 677 4
38 740 9
38 789 1
38 809 4
38 824 3
38 855 4
38 976 5
38 1198 4
38 1233 4
38 1327 11
38 1393 2
38 1659 2
39 41 164
39 45 9
39 48 279
39 49 13
39 60 7
39 65 20
39 68 4
39 79 8
39 89 26
39 95 8
39 101 16
39 105 7
39 110 23
39 117 6
39 123 9
39 155 8
39 161 7
39 170 29
39 179 7
39 185 4
39 186 5
39 201 5
39 208 6
39 225 5
39 237 14
39 242 5
39 249 14
39 255 17
39 259 7
39 264 7
39 269 7
39 271 11
39 286 6
39 310 14
39 334 7
39 338 4
39 340 6
39 359 5
39 371 7
39 381 3
39 413 5
39 438 7
39 441 8
39 475 17
39 511 4
39 522 7
39 533 10
39 535 6
39 548 8
39 550 8
39 570 8
39 589 10
39 592 7
39 604 8
39 612 4
39 664 10
39 677 9
39 740 15
39 789 6
39 809 12
39 824 9
39 855 8
39 976 6
39 1198 9
39 1233 8
39 1327 34
39 1393 6
39 1659 8
41 45 3
41 48 111
41 49 1
41 60 4
41 65 10
41 79 7
41 89 14
41 95 4
41 101 7
41 105 4
41 110 19
41 117 3
41 123 3
41 155 3
41 161 4
41 170 13
41 179 1
41 185 3
41 186 1
41 201 1
41 208 2
41 225 3
41 237 3
41 249 6
41 255 7
41 259 6
41 264 2
41 269 4
41 271 7
41 286 2
41 310 8
41 334 1
41 338 3
41 340 7
41 359 1
41 371 2
41 381 2
41 413 2
41 438 2
41 441 5
41 475 8
41 511 3
41 522 1
41 533 8
41 535 4
41 548 5
41 570 3
41 589 3
41 592 4
41 604 3
41 612 1
41 664 3
41 677 6
41 740 6
41 789 3
41 809 6
41 824 3
41 855 5
41 976 4
41 1198 5
41 1233 6
41 1327 13
41 1393 1
41 1659 2
45 48 5
45 65 1
45 68 1
45 89 2
45 101 2
45 170 1
45 237 1
45 249 1
45 259 1
45 310 1
45 334 1
45 340 1
45 359 1
45 522 1
45 535 1
45 589 1
45 592 1
45 809 1
45 1198 1
45 1327 1
48 49 13
48 60 4
48 65 16
48 68 4
48 79 5
48 89 22
48 95 4
48 101 14
48 105 2
48 110 19
48 117 4
48 123 10
48 155 7
48 161 3
48 170 19
48 179 7
48 185 1
48 186 5
48 201 3
48 208 3
48 225 2
48 237 10
48 242 5
48 249 9
48 255 20
48 259 5
48 264 5
48 269 4
48 271 4
48 286 5
48 310 11
48 334 7
48 338 5
48 340 4
48 359 5
48 371 5
48 381 6
48 413 4
48 438 7
48 441 7
48 475 16
48 511 3
48 522 5
48 533 11
48 535 4
48 548 6
48 550 9
48 570 6
48 589 8
48 592 7
48 604 6
48 612 2
48 664 6
48 677 7
48 740 6
48 789 6
48 809 10
48 824 9
48 855 9
48 976 5
48 1198 3
48 1233 6
48 1327 28
48 1393 3
48 1659 5
49 117 1
49 123 1
49 186 1
49 237 1
49 249 1
49 264 1
49 334 1
49 338 1
49 475 2
49 522 1
49 548 1
49 550 1
49 589 1
49 664 1
49 677 1
49 740 1
49 855 1
49 976 1
49 1327 1
49 1659 1
60 101 1
60 155 1
60 208 1
60 271 1
60 310 1
60 371 2
60 381 1
60 413 1
60 535 1
60 589 1
60 604 1
60 789 1
60 1233 1
65 68 2
65 89 2
65 95 2
65 101 1
65 117 1
65 155 1
65 170 2
65 185 1
65 201 2
65 249 1
65 255 3
65 271 1
65 310 1
65 338 2
65 340 1
65 359 1
65 381 1
65 438 1
65 475 1
65 522 2
65 535 1
65 589 3
65 592 2
65 612 3
65 664 1
65 677 1
65 824 1
65 976 1
65 1198 3
65 1327 1
68 170 1
68 310 1
68 535 1
68 604 1
68 612 1
68 789 1
68 1198 1
68 1327 1
79 201 1
79 225 1
79 237 1
79 259 1
79 269 1
79 271 1
79 310 1
79 475 1
79 511 2
79 677 1
79 855 1
79 1198 1
79 1327 2
79 1659 1
89 95 1
89 101 5
89 110 2
89 155 1
89 161 1
89 170 1
89 179 1
89 186 2
89 201 2
89 237 1
89 249 1
89 255 2
89 310 1
89 334 1
89 338 1
89 340 1
89 359 2
89 381 1
89 413 1
89 475 1
89 522 1
89 533 2
89 535 2
89 570 1
89 592 2
89 604 2
89 664 1
89 740 1
89 809 2
89 824 1
89 1198 1
89 1233 3
89 1327 4
89 1393 1
89 1659 1
95 101 2
95 105 1
95 170 2
95 208 1
95 286 1
95 441 1
95 809 1
95 1198 1
101 110 1
101 117 1
101 170 3
101 179 2
101 186 1
101 237 2
101 242 1
101 249 1
101 255 2
101 259 1
101 310 3
101 334 1
101 340 1
101 413 2
101 438 2
101 441 2
101 475 1
101 522 2
101 533 1
101 550 1
101 592 1
101 604 1
101 740 1
101 789 1
101 809 2
101 824 3
101 976 1
101 1233 1
101 1327 3
105 110 1
105 208 1
105 286 1
105 310 1
105 413 1
105 535 1
105 824 1
110 123 1
110 161 1
110 170 1
110 201 1
110 208 1
110 237 3
110 249 1
110 271 1
110 334 1
110 438 1
110 475 1
110 533 2
110 548 1
110 570 1
110 589 1
110 592 1
110 604 1
110 855 1
110 1327 2
110 1659 1
117 123 1
117 170 3
117 179 1
117 185 1
117 237 1
117 310 1
117 340 2
117 441 2
117 475 1
117 522 1
117 533 1
117 550 5
117 789 1
117 855 1
117 976 8
117 1198 2
117 1233 1
117 1327 1
123 170 1
123 237 3
123 255 3
123 334 1
123 340 1
123 413 1
123 441 1
123 475 3
123 548 1
123 550 1
123 592 1
123 677 1
123 740 1
123 789 1
123 824 1
123 976 1
123 1327 3
155 161 1
155 170 1
155 179 1
155 249 1
155 269 1
155 338 1
155 438 1
155 535 2
155 548 1
155 589 5
155 604 1
155 824 1
155 1198 1
155 1233 1
155 1327 1
161 259 1
161 310 1
161 438 1
161 604 2
161 1198 2
161 1233 1
161 1659 1
170 179 1
170 186 1
170 201 1
170 225 1
170 237 1
170 242 1
170 255 1
170 271 1
170 310 1
170 334 1
170 340 1
170 413 1
170 438 2
170 475 2
170 511 2
170 548 1
170 550 1
170 570 1
170 589 2
170 592 1
170 604 2
170 740 3
170 809 1
170 824 1
170 976 3
170 1198 2
170 1327 4
170 1393 1
179 186 2
179 249 1
179 259 1
179 269 1
179 340 1
179 381 1
179 413 2
179 475 1
179 548 1
179 550 1
179 570 1
179 677 1
179 824 1
179 976 1
179 1198 1
179 1327 2
185 186 2
185 340 1
185 533 1
185 535 1
185 612 1
185 976 1
185 1233 1
185 1393 1
186 340 1
186 413 3
186 475 1
186 548 1
186 550 1
201 208 1
201 225 1
201 255 1
201 340 1
201 359 1
201 522 1
201 589 1
201 664 2
201 1198 2
201 1327 1
201 1393 1
208 269 1
208 310 1
208 475 1
208 535 1
208 570 1
208 664 1
208 809 1
208 1198 2
208 1233 1
225 242 1
225 264 1
225 271 1
225 511 1
225 548 1
225 789 1
225 1198 1
237 242 1
237 249 1
237 310 1
237 359 1
237 441 1
237 475 1
237 548 1
237 550 1
237 570 1
237 589 1
237 592 1
237 604 1
237 809 1
237 855 1
237 976 1
237 1233 1
237 1327 3
242 255 2
242 259 1
242 269 1
242 271 1
242 604 1
249 255 2
249 264 2
249 269 1
249 310 1
249 340 1
249 359 1
249 371 1
249 441 1
249 533 1
249 548 1
249 589 1
249 604 1
249 740 1
249 809 1
249 824 1
249 1327 1
249 1393 1
255 259 2
255 264 1
255 310 2
255 338 1
255 340 1
255 413 1
255 441 1
255 533 1
255 535 1
255 570 1
255 589 1
255 604 2
255 789 2
255 809 1
255 824 1
255 1198 1
255 1327 2
255 1393 1
259 269 2
259 271 1
259 340 1
259 359 1
259 371 1
259 381 1
259 535 1
259 589 1
259 592 1
259 664 1
259 677 2
259 855 1
259 1327 2
264 310 1
264 548 1
269 271 1
269 548 1
269 570 1
269 677 1
269 1198 1
269 1233 1
269 1327 1
271 310 1
271 340 1
271 371 1
271 413 1
271 664 1
271 740 1
271 789 1
271 824 1
271 855 1
271 1233 1
286 359 1
286 381 1
286 441 1
286 677 1
286 809 1
286 1393 1
310 338 1
310 441 1
310 522 2
310 550 1
310 589 1
310 604 1
310 664 1
310 976 1
310 1198 2
310 1233 1
310 1327 3
310 1659 1
334 338 1
334 438 2
334 589 1
334 604 1
334 740 4
334 1327 1
338 340 1
338 475 1
338 533 1
338 535 1
338 589 1
338 1198 1
338 1659 1
340 413 1
340 533 1
340 535 1
340 548 1
340 550 1
340 570 1
340 612 1
340 677 1
340 976 2
359 589 1
359 1393 1
371 438 1
371 550 1
371 664 1
371 740 1
371 855 1
381 677 2
381 1327 1
413 475 1
413 548 1
413 789 2
413 824 1
413 1198 1
413 1233 1
413 1327 1
438 475 1
438 550 2
438 589 1
438 740 2
438 1393 1
441 475 1
441 511 1
441 550 2
441 740 1
441 789 1
441 809 3
441 976 1
441 1198 1
441 1233 1
441 1393 1
475 522 1
475 533 1
475 548 1
475 550 2
475 604 1
475 664 1
475 677 1
475 789 1
475 809 1
475 855 1
475 1233 1
475 1327 2
475 1393 1
475 1659 1
511 589 1
511 855 1
511 1327 1
511 1659 1
522 535 1
522 589 1
522 824 2
522 976 1
522 1198 1
522 1659 1
533 535 1
533 592 1
533 604 1
533 664 1
533 789 1
533 809 1
533 824 1
533 976 1
533 1233 3
533 1327 2
533 1659 1
535 589 1
535 612 1
548 570 1
548 612 1
548 664 1
548 677 1
548 1327 1
550 789 1
550 855 1
550 976 4
550 1233 1
550 1393 1
570 612 1
570 664 1
570 824 1
570 1198 1
570 1233 1
570 1393 1
570 1659 1
589 604 2
589 664 1
589 824 1
589 1198 1
589 1233 1
592 677 2
592 809 1
592 1327 1
604 664 1
604 809 1
604 1198 2
604 1233 2
604 1659 2
612 664 1
612 789 1
612 976 1
612 1327 1
664 809 1
664 855 3
664 1198 1
664 1233 1
664 1327 3
664 1659 1
677 1327 1
740 809 1
740 1327 2
740 1659 1
789 1233 1
789 1327 1
809 1233 1
809 1327 2
809 1393 1
809 1659 1
824 855 1
855 976 1
855 1659 1
976 1198 2
976 1233 1
976 1327 2
1198 1233 2
1198 1327 2
1198 1659 2
1233 1327 1
1233 1393 1
1233 1659 1
1327 1659 1
