9 18 31
9 19 83
9 31 19
9 32 226
9 36 41
9 37 11
9 38 177
9 39 753
9 41 275
9 45 11
9 48 714
9 49 25
9 60 59
9 65 125
9 78 22
9 79 17
9 89 99
9 101 83
9 110 12
9 117 49
9 123 21
9 147 45
9 161 28
9 170 41
9 175 19
9 179 20
9 185 42
9 201 40
9 225 44
9 237 71
9 242 20
9 249 37
9 255 33
9 258 46
9 264 15
9 270 31
9 271 48
9 286 13
9 301 59
9 310 89
9 338 70
9 413 69
9 438 15
9 475 60
9 479 26
9 522 34
9 533 46
9 548 20
9 589 31
9 592 24
9 604 62
9 677 22
9 740 21
9 783 42
9 824 41
9 956 22
9 1004 26
9 1146 28
9 1327 32
9 1393 36
9 1578 8
9 2238 33
9 3270 26
9 12925 18
9 13041 20
9 14098 43
9 15832 26
18 19 16
18 31 20
18 32 172
18 36 25
18 37 12
18 38 123
18 39 510
18 41 183
18 45 8
18 48 432
18 49 9
18 60 42
18 65 66
18 78 15
18 79 4
18 89 55
18 101 36
18 110 14
18 117 20
18 123 15
18 147 27
18 161 9
18 170 21
18 175 7
18 179 21
18 185 14
18 201 21
18 225 39
18 237 34
18 242 10
18 249 10
18 255 16
18 258 19
18 264 7
18 270 11
18 271 25
18 286 8
18 301 30
18 310 41
18 338 37
18 413 31
18 438 21
18 475 36
18 479 13
18 522 16
18 533 32
18 548 12
18 589 13
18 592 13
18 604 43
18 677 13
18 740 16
18 783 23
18 824 30
18 956 12
18 1004 13
18 1146 15
18 1327 11
18 1393 30
18 1578 5
18 2238 11
18 3270 16
18 12925 10
18 13041 15
18 14098 17
18 15832 73
19 31 14
19 32 164
19 36 24
19 37 15
19 38 133
19 39 537
19 41 168
19 45 10
19 48 525
19 49 13
19 60 46
19 65 67
19 78 18
19 79 9
19 89 66
19 101 74
19 110 16
19 117 6
19 123 27
19 147 32
19 161 12
19 170 27
19 175 10
19 179 21
19 185 36
19 201 25
19 225 31
19 237 53
19 242 5
19 249 19
19 255 17
19 258 33
19 264 16
19 270 15
19 271 17
19 286 7
19 301 22
19 310 59
19 338 34
19 413 42
19 438 25
19 475 45
19 479 17
19 522 27
19 533 22
19 548 17
19 589 16
19 592 26
19 604 29
19 677 20
19 740 10
19 783 23
19 824 21
19 956 10
19 1004 22
19 1146 14
19 1327 16
19 1393 24
19 1578 15
19 2238 8
19 3270 24
19 12925 17
19 13041 17
19 14098 18
19 15832 22
31 32 165
31 36 16
31 37 19
31 38 143
31 39 488
31 41 172
31 45 4
31 48 432
31 49 6
31 60 22
31 65 53
31 78 11
31 79 27
31 89 75
31 101 40
31 110 31
31 117 5
31 123 30
31 147 18
31 161 4
31 170 24
31 175 8
31 179 13
31 185 22
31 201 14
31 225 50
31 237 91
31 242 4
31 249 40
31 255 25
31 258 11
31 264 24
31 270 19
31 271 39
31 286 9
31 301 9
31 310 48
31 338 12
31 413 18
31 438 13
31 475 32
31 479 7
31 522 11
31 533 25
31 548 23
31 589 6
31 592 7
31 604 13
31 677 15
31 740 17
31 783 10
31 824 8
31 956 12
31 1004 12
31 1146 13
31 1327 37
31 1393 12
31 1578 31
31 2238 21
31 3270 6
31 12925 22
31 13041 14
31 14098 17
31 15832 25
32 36 458
32 37 165
32 38 2567
32 39 7605
32 41 2697
32 45 106
32 48 7186
32 49 182
32 60 260
32 65 686
32 78 197
32 79 341
32 89 658
32 101 378
32 110 405
32 117 183
32 123 228
32 147 334
32 161 165
32 170 495
32 175 181
32 179 209
32 185 260
32 201 167
32 225 613
32 237 510
32 242 121
32 249 197
32 255 287
32 258 176
32 264 135
32 270 408
32 271 433
32 286 199
32 301 258
32 310 493
32 338 215
32 413 281
32 438 307
32 475 419
32 479 138
32 522 160
32 533 276
32 548 252
32 589 201
32 592 231
32 604 207
32 677 235
32 740 157
32 783 194
32 824 223
32 956 182
32 1004 259
32 1146 313
32 1327 313
32 1393 213
32 1578 156
32 2238 319
32 3270 154
32 12925 191
32 13041 225
32 14098 161
32 15832 231
36 37 66
36 38 2548
36 39 1849
36 41 590
36 45 59
36 48 1286
36 49 20
36 60 33
36 65 139
36 78 51
36 79 70
36 89 142
36 101 66
36 110 171
36 117 34
36 123 31
36 147 50
36 161 26
36 170 195
36 175 57
36 179 25
36 185 38
36 201 28
36 225 138
36 237 146
36 242 59
36 249 53
36 255 50
36 258 26
36 264 69
36 270 49
36 271 78
36 286 42
36 301 35
36 310 83
36 338 22
36 413 48
36 438 64
36 475 52
36 479 29
36 522 23
36 533 37
36 548 10
36 589 46
36 592 30
36 604 41
36 677 18
36 740 54
36 783 39
36 824 17
36 956 16
36 1004 28
36 1146 58
36 1327 60
36 1393 28
36 1578 40
36 2238 66
36 3270 36
36 12925 42
36 13041 25
36 14098 41
36 15832 27
37 38 949
37 39 647
37 41 206
37 45 28
37 48 519
37 49 10
37 60 7
37 65 26
37 78 10
37 79 15
37 89 67
37 101 26
37 110 72
37 117 8
37 123 8
37 147 35
37 161 5
37 170 46
37 175 18
37 179 10
37 185 11
37 201 12
37 225 28
37 237 51
37 242 4
37 249 20
37 255 19
37 258 13
37 264 14
37 270 26
37 271 16
37 286 29
37 301 14
37 310 20
37 338 14
37 413 7
37 438 47
37 475 26
37 479 11
37 522 11
37 533 13
37 548 18
37 589 3
37 592 19
37 604 7
37 677 12
37 740 4
37 783 6
37 824 7
37 956 6
37 1004 8
37 1146 18
37 1327 18
37 1393 12
37 1578 9
37 2238 15
37 3270 10
37 12925 12
37 13041 18
37 14098 4
37 15832 14
38 39 9359
38 41 3244
38 45 149
38 48 7177
38 49 207
38 60 192
38 65 592
38 78 190
38 79 287
38 89 707
38 101 311
38 110 2432
38 117 126
38 123 183
38 147 301
38 161 189
38 170 2770
38 175 247
38 179 151
38 185 200
38 201 135
38 225 642
38 237 605
38 242 181
38 249 241
38 255 246
38 258 146
38 264 232
38 270 351
38 271 362
38 286 982
38 301 127
38 310 392
38 338 170
38 413 255
38 438 354
38 475 359
38 479 122
38 522 118
38 533 209
38 548 191
38 589 150
38 592 169
38 604 180
38 677 150
38 740 203
38 783 152
38 824 147
38 956 142
38 1004 157
38 1146 286
38 1327 340
38 1393 190
38 1578 152
38 2238 356
38 3270 157
38 12925 219
38 13041 183
38 14098 140
38 15832 162
39 41 9529
39 45 500
39 48 26150
39 49 683
39 60 978
39 65 2543
39 78 681
39 79 1003
39 89 2526
39 101 1255
39 110 1575
39 117 527
39 123 663
39 147 1035
39 161 555
39 170 1878
39 175 574
39 179 592
39 185 752
39 201 610
39 225 2195
39 237 1739
39 242 510
39 249 666
39 255 961
39 258 575
39 264 536
39 270 1073
39 271 1320
39 286 652
39 301 650
39 310 1662
39 338 679
39 413 975
39 438 1112
39 475 1375
39 479 519
39 522 598
39 533 835
39 548 598
39 589 633
39 592 656
39 604 731
39 677 566
39 740 667
39 783 633
39 824 630
39 956 527
39 1004 524
39 1146 920
39 1327 1137
39 1393 710
39 1578 526
39 2238 1153
39 3270 494
39 12925 730
39 13041 688
39 14098 602
39 15832 718
41 45 142
41 48 7492
41 49 183
41 60 262
41 65 841
41 78 153
41 79 414
41 89 622
41 101 398
41 110 548
41 117 241
41 123 201
41 147 371
41 161 175
41 170 683
41 175 248
41 179 189
41 185 249
41 201 214
41 225 779
41 237 481
41 242 100
41 249 216
41 255 285
41 258 222
41 264 174
41 270 429
41 271 497
41 286 212
41 301 213
41 310 602
41 338 219
41 413 312
41 438 355
41 475 502
41 479 160
41 522 177
41 533 279
41 548 198
41 589 178
41 592 268
41 604 266
41 677 190
41 740 171
41 783 200
41 824 262
41 956 190
41 1004 160
41 1146 452
41 1327 452
41 1393 180
41 1578 146
41 2238 460
41 3270 169
41 12925 66
41 13041 390
41 14098 55
41 15832 421
45 48 435
45 49 10
45 60 11
45 65 33
45 78 7
45 79 26
45 89 45
45 101 48
45 110 11
45 117 11
45 123 12
45 147 21
45 161 9
45 170 29
45 175 6
45 185 15
45 201 15
45 225 48
45 237 51
45 242 10
45 249 37
45 255 22
45 258 4
45 264 7
45 270 7
45 271 24
45 286 8
45 301 9
45 310 24
45 338 9
45 413 43
45 475 9
45 479 7
45 522 10
45 533 44
45 548 12
45 589 12
45 592 8
45 604 15
45 677 15
45 740 22
45 783 5
45 824 7
45 956 7
45 1004 16
45 1146 16
45 1327 32
45 1393 26
45 1578 7
45 2238 11
45 3270 27
45 12925 21
45 13041 3
45 14098 8
45 15832 6
48 49 759
48 60 811
48 65 2293
48 78 714
48 79 806
48 89 2566
48 101 1173
48 110 1235
48 117 567
48 123 721
48 147 938
48 161 458
48 170 1410
48 175 447
48 179 568
48 185 738
48 201 610
48 225 1614
48 237 1520
48 242 353
48 249 603
48 255 963
48 258 591
48 264 475
48 270 877
48 271 1005
48 286 510
48 301 591
48 310 1506
48 338 717
48 413 974
48 438 907
48 475 1310
48 479 448
48 522 534
48 533 782
48 548 590
48 589 556
48 592 679
48 604 653
48 677 590
48 740 456
48 783 576
48 824 619
48 956 481
48 1004 548
48 1146 762
48 1327 949
48 1393 604
48 1578 426
48 2238 843
48 3270 503
48 12925 641
48 13041 602
48 14098 520
48 15832 585
49 60 11
49 65 61
49 78 25
49 79 17
49 89 14
49 101 49
49 110 33
49 117 16
49 123 30
49 147 23
49 161 21
49 170 38
49 175 6
49 179 28
49 185 19
49 201 30
49 225 48
49 237 34
49 242 10
49 249 14
49 255 28
49 258 27
49 264 9
49 270 37
49 271 24
49 286 15
49 301 20
49 310 49
49 338 32
49 413 44
49 438 24
49 475 55
49 479 21
49 522 17
49 533 25
49 548 15
49 589 23
49 592 29
49 604 19
49 677 26
49 740 15
49 783 15
49 824 30
49 956 11
49 1004 23
49 1146 19
49 1327 32
49 1393 22
49 1578 8
49 2238 22
49 3270 27
49 12925 18
49 13041 5
49 14098 11
49 15832 9
60 65 175
60 78 21
60 79 30
60 89 142
60 101 9
60 110 38
60 117 27
60 123 33
60 147 44
60 161 32
60 170 34
60 175 22
60 179 6
60 185 38
60 201 32
60 225 78
60 237 86
60 242 13
60 249 31
60 255 47
60 258 35
60 264 26
60 270 33
60 271 34
60 286 11
60 301 85
60 310 118
60 338 2
60 413 80
60 438 33
60 475 47
60 479 43
60 522 29
60 533 29
60 548 20
60 589 45
60 592 33
60 604 107
60 677 24
60 740 22
60 783 49
60 824 20
60 956 13
60 1004 23
60 1146 31
60 1327 30
60 1393 29
60 1578 13
60 2238 39
60 3270 23
60 12925 18
60 13041 41
60 14098 41
60 15832 1
65 78 56
65 79 91
65 89 284
65 101 207
65 110 80
65 117 94
65 123 88
65 147 146
65 161 72
65 170 102
65 175 59
65 179 84
65 185 71
65 201 153
65 225 197
65 237 189
65 242 35
65 249 95
65 255 116
65 258 89
65 264 81
65 270 87
65 271 160
65 286 31
65 301 135
65 310 212
65 338 109
65 413 162
65 438 93
65 475 152
65 479 100
65 522 73
65 533 95
65 548 86
65 589 105
65 592 94
65 604 122
65 677 63
65 740 46
65 783 123
65 824 100
65 956 63
65 1004 77
65 1146 90
65 1327 132
65 1393 94
65 1578 49
65 2238 111
65 3270 70
65 12925 82
65 13041 49
65 14098 85
65 15832 91
78 79 23
78 89 116
78 101 36
78 110 28
78 117 20
78 123 14
78 147 23
78 161 17
78 170 39
78 175 12
78 179 18
78 185 27
78 201 8
78 225 45
78 237 62
78 242 8
78 249 12
78 255 19
78 258 11
78 264 12
78 270 23
78 271 19
78 286 7
78 301 16
78 310 45
78 338 12
78 413 21
78 438 25
78 475 44
78 479 23
78 522 6
78 533 29
78 548 11
78 589 13
78 592 15
78 604 23
78 677 13
78 740 9
78 783 16
78 824 22
78 956 15
78 1004 10
78 1146 32
78 1327 24
78 1393 25
78 1578 5
78 2238 28
78 3270 12
78 12925 17
78 13041 5
78 14098 20
78 15832 7
79 89 65
79 101 53
79 110 40
79 117 22
79 123 15
79 147 44
79 161 22
79 170 62
79 175 37
79 179 18
79 185 44
79 201 29
79 225 126
79 237 50
79 242 12
79 249 26
79 255 27
79 258 19
79 264 9
79 270 55
79 271 59
79 286 12
79 301 21
79 310 60
79 338 23
79 413 39
79 438 31
79 475 68
79 479 23
79 522 20
79 533 29
79 548 20
79 589 13
79 592 20
79 604 25
79 677 19
79 740 11
79 783 30
79 824 23
79 956 9
79 1004 36
79 1146 74
79 1327 38
79 1393 22
79 1578 13
79 2238 77
79 3270 26
79 12925 12
79 13041 22
79 14098 21
79 15832 17
89 101 182
89 110 96
89 117 60
89 123 69
89 147 108
89 161 71
89 170 161
89 175 42
89 179 58
89 185 83
89 201 96
89 225 157
89 237 210
89 242 38
89 249 77
89 255 82
89 258 86
89 264 70
89 270 69
89 271 95
89 286 54
89 301 67
89 310 206
89 338 98
89 413 114
89 438 63
89 475 144
89 479 59
89 522 54
89 533 108
89 548 55
89 589 85
89 592 109
89 604 80
89 677 45
89 740 60
89 783 74
89 824 62
89 956 57
89 1004 52
89 1146 62
89 1327 86
89 1393 87
89 1578 55
89 2238 87
89 3270 53
89 12925 80
89 13041 107
89 14098 88
89 15832 59
101 110 30
101 117 43
101 123 53
101 147 119
101 161 23
101 170 64
101 175 16
101 179 17
101 185 75
101 201 98
101 225 81
101 237 121
101 242 28
101 249 50
101 255 92
101 258 52
101 264 22
101 270 47
101 271 76
101 286 13
101 301 113
101 310 126
101 338 23
101 413 148
101 438 31
101 475 101
101 479 58
101 522 58
101 533 72
101 548 42
101 589 49
101 592 41
101 604 93
101 677 55
101 740 42
101 783 61
101 824 99
101 956 39
101 1004 41
101 1146 40
101 1327 54
101 1393 40
101 1578 17
101 2238 61
101 3270 42
101 12925 38
101 13041 28
101 14098 51
101 15832 33
110 117 13
110 123 22
110 147 32
110 161 53
110 170 149
110 175 42
110 179 13
110 185 22
110 201 14
110 225 98
110 237 93
110 242 19
110 249 36
110 255 36
110 258 24
110 264 49
110 270 60
110 271 62
110 286 64
110 301 11
110 310 58
110 338 17
110 413 35
110 438 45
110 475 51
110 479 12
110 522 17
110 533 35
110 548 62
110 589 20
110 592 28
110 604 22
110 677 16
110 740 9
110 783 18
110 824 10
110 956 18
110 1004 27
110 1146 47
110 1327 66
110 1393 19
110 1578 13
110 2238 53
110 3270 21
110 12925 43
110 13041 36
110 14098 17
110 15832 34
117 123 19
117 147 33
117 161 19
117 170 32
117 175 11
117 179 19
117 185 34
117 201 25
117 225 53
117 237 42
117 242 9
117 249 22
117 255 20
117 258 21
117 264 7
117 270 25
117 271 36
117 286 11
117 301 34
117 310 54
117 338 41
117 413 46
117 438 17
117 475 44
117 479 21
117 522 20
117 533 41
117 548 10
117 589 26
117 592 28
117 604 28
117 677 13
117 740 29
117 783 32
117 824 29
117 956 16
117 1004 15
117 1146 29
117 1327 20
117 1393 18
117 1578 13
117 2238 23
117 3270 26
117 12925 12
117 13041 8
117 14098 37
117 15832 13
123 147 53
123 161 20
123 170 34
123 175 11
123 179 22
123 185 32
123 201 34
123 225 52
123 237 61
123 242 9
123 249 5
123 255 21
123 258 23
123 264 24
123 270 21
123 271 24
123 286 11
123 301 30
123 310 75
123 338 46
123 413 39
123 438 36
123 475 53
123 479 32
123 522 28
123 533 23
123 548 26
123 589 19
123 592 42
123 604 16
123 677 42
123 740 6
123 783 30
123 824 32
123 956 13
123 1004 23
123 1146 10
123 1327 34
123 1393 21
123 1578 15
123 2238 22
123 3270 12
123 12925 23
123 13041 19
123 14098 11
123 15832 25
147 161 14
147 170 62
147 175 28
147 179 135
147 185 46
147 201 56
147 225 86
147 237 84
147 242 7
147 249 19
147 255 35
147 258 8
147 264 17
147 270 56
147 271 62
147 286 30
147 301 8
147 310 85
147 338 75
147 413 94
147 438 29
147 475 94
147 479 38
147 522 18
147 533 41
147 548 42
147 589 25
147 592 61
147 604 28
147 677 7
147 740 28
147 783 34
147 824 23
147 956 6
147 1004 47
147 1146 23
147 1327 44
147 1393 30
147 1578 35
147 2238 53
147 3270 20
147 12925 27
147 13041 22
147 14098 28
147 15832 17
161 170 27
161 175 12
161 179 23
161 185 10
161 201 27
161 225 41
161 237 37
161 242 10
161 249 19
161 255 30
161 258 8
161 264 9
161 270 24
161 271 23
161 286 5
161 301 17
161 310 32
161 338 38
161 413 24
161 438 43
161 475 37
161 479 9
161 522 6
161 533 20
161 548 14
161 589 8
161 592 6
161 604 30
161 677 8
161 740 3
161 783 20
161 824 9
161 1004 9
161 1146 22
161 1327 28
161 1393 9
161 1578 3
161 2238 17
161 3270 10
161 12925 17
161 13041 12
161 14098 17
161 15832 14
170 175 53
170 179 33
170 185 45
170 201 32
170 225 117
170 237 135
170 242 37
170 249 49
170 255 56
170 258 21
170 264 63
170 270 57
170 271 49
170 286 46
170 301 28
170 310 94
170 338 41
170 413 54
170 438 93
170 475 60
170 479 25
170 522 23
170 533 30
170 548 27
170 589 26
170 592 23
170 604 24
170 677 27
170 740 38
170 783 23
170 824 28
170 956 32
170 1004 25
170 1146 53
170 1327 72
170 1393 45
170 1578 37
170 2238 63
170 3270 41
170 12925 44
170 13041 32
170 14098 31
170 15832 23
175 179 21
175 185 20
175 201 10
175 225 131
175 237 36
175 242 4
175 249 9
175 255 10
175 258 17
175 264 16
175 270 68
175 271 77
175 286 13
175 301 12
175 310 35
175 338 14
175 413 25
175 438 29
175 475 18
175 479 13
175 522 10
175 533 18
175 548 23
175 589 20
175 592 12
175 604 14
175 677 9
175 740 8
175 783 13
175 824 12
175 956 25
175 1004 15
175 1146 49
175 1327 10
175 1393 13
175 1578 10
175 2238 65
175 3270 6
175 12925 14
175 13041 140
175 14098 9
175 15832 11
179 185 21
179 201 17
179 225 39
179 237 30
179 242 7
179 249 18
179 255 37
179 258 34
179 264 11
179 270 21
179 271 21
179 286 11
179 301 112
179 310 32
179 338 5
179 413 39
179 438 37
179 475 52
179 479 29
179 522 16
179 533 34
179 548 37
179 589 17
179 592 22
179 604 26
179 677 8
179 740 14
179 783 25
179 824 70
179 956 25
179 1004 19
179 1146 14
179 1327 35
179 1393 17
179 1578 24
179 2238 18
179 3270 14
179 12925 17
179 13041 30
179 14098 14
179 15832 13
185 201 46
185 225 54
185 237 72
185 242 26
185 249 35
185 255 26
185 258 26
185 264 24
185 270 43
185 271 45
185 286 12
185 301 35
185 310 85
185 338 44
185 413 70
185 438 28
185 475 62
185 479 33
185 522 26
185 533 26
185 548 32
185 589 38
185 592 33
185 604 46
185 677 25
185 740 12
185 783 31
185 824 37
185 956 31
185 1004 28
185 1146 28
185 1327 46
185 1393 32
185 1578 17
185 2238 24
185 3270 25
185 12925 38
185 13041 16
185 14098 25
185 15832 25
201 225 40
201 237 46
201 242 7
201 249 26
201 255 48
201 258 33
201 264 7
201 270 19
201 271 36
201 286 11
201 301 35
201 310 61
201 338 53
201 413 57
201 438 29
201 475 49
201 479 28
201 522 31
201 533 33
201 548 23
201 589 25
201 592 27
201 604 42
201 677 29
201 740 9
201 783 37
201 824 39
201 956 40
201 1004 24
201 1146 34
201 1327 45
201 1393 31
201 1578 11
201 2238 25
201 3270 20
201 12925 13
201 13041 11
201 14098 29
201 15832 15
225 237 140
225 242 57
225 249 51
225 255 62
225 258 29
225 264 50
225 270 282
225 271 374
225 286 41
225 301 58
225 310 159
225 338 36
225 413 91
225 438 54
225 475 89
225 479 44
225 522 34
225 533 55
225 548 56
225 589 50
225 592 38
225 604 60
225 677 35
225 740 55
225 783 68
225 824 39
225 956 37
225 1004 39
225 1146 126
225 1327 60
225 1393 39
225 1578 38
225 2238 379
225 3270 42
225 12925 50
225 13041 38
225 14098 73
225 15832 50
237 242 48
237 249 159
237 255 76
237 258 79
237 264 46
237 270 59
237 271 61
237 286 52
237 301 65
237 310 182
237 338 62
237 413 89
237 438 79
237 475 164
237 479 24
237 522 46
237 533 101
237 548 39
237 589 57
237 592 63
237 604 43
237 677 31
237 740 44
237 783 66
237 824 33
237 956 26
237 1004 26
237 1146 49
237 1327 56
237 1393 80
237 1578 49
237 2238 36
237 3270 32
237 12925 37
237 13041 40
237 14098 37
237 15832 54
242 249 26
242 255 17
242 258 1
242 264 9
242 270 18
242 271 41
242 286 13
242 301 7
242 310 24
242 338 8
242 413 14
242 438 9
242 475 13
242 479 16
242 522 4
242 533 34
242 548 11
242 589 22
242 592 6
242 604 18
242 677 4
242 740 61
242 783 17
242 824 2
242 956 4
242 1004 13
242 1146 13
242 1327 29
242 1393 15
242 1578 4
242 2238 15
242 3270 6
242 12925 34
242 13041 6
242 14098 22
242 15832 8
249 255 29
249 258 12
249 264 26
249 270 28
249 271 49
249 286 11
249 301 13
249 310 72
249 338 17
249 413 36
249 438 19
249 475 56
249 479 15
249 522 17
249 533 37
249 548 16
249 589 17
249 592 25
249 604 32
249 677 11
249 740 30
249 783 20
249 824 18
249 956 10
249 1004 20
249 1146 17
249 1327 33
249 1393 35
249 1578 17
249 2238 21
249 3270 18
249 12925 15
249 13041 14
249 14098 24
249 15832 15
255 258 21
255 264 21
255 270 25
255 271 50
255 286 18
255 301 22
255 310 75
255 338 30
255 413 50
255 438 35
255 475 41
255 479 30
255 522 28
255 533 32
255 548 30
255 589 36
255 592 29
255 604 47
255 677 31
255 740 27
255 783 20
255 824 20
255 956 19
255 1004 28
255 1146 25
255 1327 35
255 1393 30
255 1578 14
255 2238 34
255 3270 23
255 12925 16
255 13041 8
255 14098 18
255 15832 11
258 264 22
258 270 22
258 271 13
258 286 15
258 301 3
258 310 34
258 338 71
258 413 47
258 438 15
258 475 48
258 479 15
258 522 21
258 533 37
258 548 28
258 589 12
258 592 18
258 604 20
258 677 1
258 740 13
258 783 27
258 824 3
258 956 7
258 1004 46
258 1146 9
258 1327 11
258 1393 20
258 1578 2
258 2238 26
258 3270 16
258 12925 9
258 13041 25
258 14098 12
258 15832 18
264 270 24
264 271 26
264 286 16
264 301 25
264 310 40
264 338 13
264 413 24
264 438 23
264 475 27
264 479 7
264 522 9
264 533 9
264 548 25
264 589 14
264 592 17
264 604 16
264 677 18
264 740 12
264 783 13
264 824 12
264 956 12
264 1004 21
264 1146 10
264 1327 21
264 1393 18
264 1578 14
264 2238 22
264 3270 14
264 12925 16
264 13041 14
264 14098 9
264 15832 8
270 271 615
270 286 35
270 301 26
270 310 62
270 338 18
270 413 36
270 438 61
270 475 58
270 479 28
270 522 19
270 533 34
270 548 41
270 589 19
270 592 29
270 604 12
270 677 21
270 740 12
270 783 29
270 824 18
270 956 31
270 1004 30
270 1146 34
270 1327 37
270 1393 19
270 1578 28
270 2238 236
270 3270 21
270 12925 24
270 13041 21
270 14098 21
270 15832 16
271 286 18
271 301 33
271 310 70
271 338 28
271 413 54
271 438 30
271 475 53
271 479 26
271 522 18
271 533 44
271 548 45
271 589 29
271 592 31
271 604 40
271 677 23
271 740 21
271 783 33
271 824 28
271 956 17
271 1004 36
271 1146 42
271 1327 45
271 1393 24
271 1578 15
271 2238 264
271 3270 28
271 12925 38
271 13041 36
271 14098 28
271 15832 25
286 301 9
286 310 21
286 338 11
286 413 15
286 438 24
286 475 31
286 479 8
286 522 8
286 533 13
286 548 10
286 589 8
286 592 11
286 604 8
286 677 6
286 740 7
286 783 7
286 824 4
286 956 6
286 1004 4
286 1146 11
286 1327 20
286 1393 15
286 1578 6
286 2238 16
286 3270 10
286 12925 14
286 13041 15
286 14098 6
286 15832 17
301 310 61
301 338 21
301 413 58
301 438 21
301 475 42
301 479 44
301 522 26
301 533 28
301 548 21
301 589 35
301 592 42
301 604 56
301 677 3
301 740 22
301 783 47
301 824 9
301 956 2
301 1004 19
301 1146 15
301 1327 43
301 1393 23
301 1578 6
301 2238 24
301 3270 33
301 12925 19
301 13041 20
301 14098 20
301 15832 20
310 338 53
310 413 81
310 438 57
310 475 19
310 479 51
310 522 71
310 533 53
310 548 45
310 589 52
310 592 48
310 604 79
310 677 20
310 740 38
310 783 53
310 824 45
310 956 38
310 1004 42
310 1146 103
310 1327 77
310 1393 50
310 1578 25
310 2238 66
310 12925 58
310 13041 34
310 14098 74
310 15832 58
338 413 71
338 438 20
338 475 85
338 479 20
338 522 29
338 533 59
338 548 33
338 589 26
338 592 32
338 604 31
338 677 37
338 740 11
338 783 36
338 824 71
338 956 31
338 1004 32
338 1146 19
338 1327 15
338 1393 25
338 1578 13
338 2238 23
338 3270 17
338 12925 13
338 13041 31
338 14098 24
338 15832 38
413 438 26
413 475 77
413 479 45
413 522 33
413 533 40
413 548 35
413 589 21
413 592 25
413 604 66
413 677 28
413 740 16
413 783 35
413 824 64
413 956 46
413 1004 85
413 1146 20
413 1327 37
413 1393 41
413 1578 14
413 2238 53
413 3270 31
413 12925 36
413 13041 110
413 14098 45
413 15832 33
438 475 59
438 479 19
438 522 20
438 533 25
438 548 20
438 589 24
438 592 25
438 604 22
438 677 25
438 740 32
438 783 23
438 824 23
438 956 10
438 1004 20
438 1146 11
438 1327 19
438 1393 29
438 1578 8
438 2238 33
438 3270 21
438 12925 11
438 13041 27
438 14098 27
438 15832 40
475 479 37
475 522 64
475 533 74
475 548 33
475 589 21
475 592 54
475 604 46
475 677 58
475 740 34
475 783 38
475 824 50
475 956 57
475 1004 54
475 1146 57
475 1327 48
475 1393 53
475 1578 35
475 2238 31
475 3270 2
475 12925 27
475 13041 27
475 14098 33
475 15832 37
479 522 17
479 533 22
479 548 16
479 589 33
479 592 18
479 604 36
479 677 21
479 740 4
479 783 33
479 824 27
479 956 8
479 1004 17
479 1146 15
479 1327 21
479 1393 19
479 1578 9
479 2238 16
479 3270 17
479 12925 20
479 13041 19
479 14098 26
479 15832 14
522 533 24
522 548 14
522 589 23
522 592 26
522 604 35
522 677 21
522 740 12
522 783 12
522 824 23
522 956 16
522 1004 24
522 1146 16
522 1327 18
522 1393 19
522 1578 9
522 2238 25
522 3270 22
522 12925 17
522 13041 7
522 14098 7
522 15832 20
533 548 23
533 589 33
533 592 40
533 604 39
533 677 29
533 740 31
533 783 37
533 824 33
533 956 37
533 1004 26
533 1146 34
533 1327 48
533 1393 31
533 1578 21
533 2238 31
533 3270 21
533 12925 23
533 13041 17
533 14098 2
533 15832 25
548 589 20
548 592 19
548 604 18
548 677 26
548 740 3
548 783 19
548 824 19
548 956 9
548 1004 32
548 1146 14
548 1327 31
548 1393 11
548 1578 9
548 2238 37
548 3270 18
548 12925 36
548 13041 11
548 14098 16
548 15832 23
589 592 20
589 604 45
589 677 16
589 740 15
589 783 36
589 824 34
589 956 18
589 1004 14
589 1146 26
589 1327 26
589 1393 21
589 1578 9
589 2238 33
589 3270 24
589 12925 21
589 13041 16
589 14098 24
589 15832 12
592 604 23
592 677 44
592 740 13
592 783 27
592 824 30
592 956 15
592 1004 30
592 1146 17
592 1327 22
592 1393 31
592 1578 26
592 2238 20
592 3270 9
592 12925 7
592 13041 10
592 14098 42
592 15832 15
604 677 10
604 740 34
604 783 51
604 824 18
604 956 27
604 1004 19
604 1146 31
604 1327 31
604 1393 35
604 1578 6
604 2238 33
604 3270 28
604 12925 19
604 13041 10
604 14098 44
604 15832 13
677 740 8
677 783 16
677 824 10
677 956 3
677 1004 51
677 1146 28
677 1327 28
677 1393 23
677 1578 14
677 2238 28
677 3270 17
677 12925 17
677 13041 10
677 14098 10
677 15832 12
740 783 15
740 824 7
740 956 5
740 1004 14
740 1146 8
740 1327 35
740 1393 26
740 1578 8
740 2238 15
740 3270 11
740 12925 20
740 13041 8
740 14098 18
740 15832 10
783 824 27
783 956 10
783 1004 15
783 1146 18
783 1327 35
783 1393 44
783 1578 12
783 2238 37
783 3270 13
783 12925 18
783 13041 12
783 14098 30
783 15832 10
824 956 7
824 1004 36
824 1146 25
824 1327 39
824 1393 19
824 1578 14
824 2238 18
824 3270 24
824 12925 28
824 13041 27
824 14098 24
824 15832 41
956 1004 19
956 1146 22
956 1327 9
956 1393 24
956 1578 2
956 2238 17
956 3270 17
956 12925 11
956 13041 17
956 14098 11
956 15832 15
1004 1146 19
1004 1327 52
1004 1393 19
1004 1578 12
1004 2238 26
1004 3270 8
1004 12925 25
1004 13041 15
1004 14098 5
1004 15832 17
1146 1327 21
1146 1393 37
1146 1578 23
1146 2238 43
1146 3270 23
1146 12925 13
1146 13041 19
1146 14098 20
1146 15832 6
1327 1393 30
1327 1578 4
1327 2238 27
1327 3270 22
1327 13041 1
1327 14098 9
1327 15832 1
1393 1578 23
1393 2238 21
1393 3270 18
1393 12925 20
1393 13041 9
1393 14098 29
1393 15832 11
1578 2238 18
1578 3270 8
1578 12925 2
1578 13041 11
1578 14098 7
1578 15832 15
2238 3270 16
2238 12925 13
2238 13041 27
2238 14098 24
2238 15832 10
3270 12925 12
3270 13041 15
3270 14098 31
3270 15832 13
12925 13041 33
12925 14098 36
12925 15832 35
13041 14098 30
14098 15832 34
