9 19 67
9 31 10
9 32 190
9 36 33
9 37 7
9 38 135
9 39 586
9 41 232
9 48 558
9 49 16
9 60 48
9 65 101
9 78 16
9 79 14
9 89 78
9 101 60
9 103 11
9 110 8
9 117 43
9 123 16
9 147 38
9 161 22
9 170 29
9 179 18
9 185 30
9 201 33
9 225 35
9 237 53
9 242 15
9 249 24
9 255 32
9 258 33
9 264 12
9 270 24
9 271 37
9 286 12
9 301 46
9 310 65
9 338 52
9 389 12
9 413 47
9 438 13
9 475 47
9 522 26
9 533 35
9 544 35
9 548 17
9 589 24
9 592 23
9 604 45
9 677 20
9 740 19
9 783 32
9 824 35
9 1004 18
9 1146 24
9 1198 45
9 1327 29
9 1344 9
9 1393 29
9 1578 7
9 2238 28
19 31 9
19 32 131
19 36 18
19 37 11
19 38 97
19 39 419
19 41 137
19 48 403
19 49 8
19 60 37
19 65 51
19 78 13
19 79 7
19 89 50
19 101 53
19 103 5
19 110 14
19 117 2
19 123 20
19 147 27
19 161 8
19 170 22
19 179 13
19 185 31
19 201 16
19 225 24
19 237 39
19 242 5
19 249 14
19 255 14
19 258 22
19 264 13
19 270 10
19 271 13
19 286 6
19 301 17
19 310 43
19 338 26
19 389 6
19 413 26
19 438 18
19 475 34
19 522 15
19 533 18
19 544 23
19 548 11
19 589 11
19 592 23
19 604 21
19 677 19
19 740 7
19 783 14
19 824 16
19 1004 14
19 1146 11
19 1198 7
19 1327 16
19 1344 5
19 1393 13
19 1578 10
19 2238 7
31 32 132
31 36 10
31 37 15
31 38 112
31 39 382
31 41 141
31 48 331
31 49 4
31 60 17
31 65 44
31 78 11
31 79 21
31 89 62
31 101 26
31 103 10
31 110 26
31 117 5
31 123 23
31 147 12
31 161 2
31 170 18
31 179 8
31 185 17
31 201 11
31 225 41
31 237 71
31 242 3
31 249 32
31 255 20
31 258 4
31 264 18
31 270 18
31 271 34
31 286 9
31 301 6
31 310 37
31 338 9
31 389 21
31 413 11
31 438 9
31 475 24
31 522 9
31 533 20
31 544 8
31 548 12
31 589 4
31 592 4
31 604 11
31 677 13
31 740 16
31 783 7
31 824 6
31 1004 9
31 1146 11
31 1198 24
31 1327 37
31 1344 9
31 1393 7
31 1578 25
31 2238 17
32 36 373
32 37 132
32 38 2008
32 39 5953
32 41 2296
32 48 5613
32 49 140
32 60 219
32 65 527
32 78 165
32 79 270
32 89 495
32 101 291
32 103 147
32 110 312
32 117 151
32 123 168
32 147 272
32 161 124
32 170 391
32 179 154
32 185 211
32 201 130
32 225 489
32 237 390
32 242 95
32 249 149
32 255 218
32 258 135
32 264 105
32 270 327
32 271 346
32 286 146
32 301 191
32 310 391
32 338 169
32 389 158
32 413 166
32 438 224
32 475 324
32 522 125
32 533 214
32 544 113
32 548 192
32 589 144
32 592 194
32 604 164
32 677 183
32 740 128
32 783 153
32 824 162
32 1004 195
32 1146 268
32 1198 147
32 1327 303
32 1344 161
32 1393 145
32 1578 119
32 2238 252
36 37 51
36 38 1995
36 39 1457
36 41 510
36 48 1027
36 49 17
36 60 25
36 65 108
36 78 40
36 79 56
36 89 103
36 101 53
36 103 38
36 110 140
36 117 27
36 123 23
36 147 39
36 161 19
36 170 153
36 179 21
36 185 31
36 201 20
36 225 108
36 237 103
36 242 41
36 249 46
36 255 43
36 258 21
36 264 54
36 270 39
36 271 65
36 286 32
36 301 33
36 310 65
36 338 20
36 389 44
36 413 31
36 438 41
36 475 41
36 522 16
36 533 32
36 544 14
36 548 6
36 589 41
36 592 25
36 604 35
36 677 15
36 740 48
36 783 32
36 824 11
36 1004 23
36 1146 49
36 1198 22
36 1327 58
36 1344 36
36 1393 23
36 1578 29
36 2238 50
37 38 737
37 39 494
37 41 173
37 48 406
37 49 10
37 60 6
37 65 20
37 78 8
37 79 13
37 89 51
37 101 20
37 103 9
37 110 50
37 117 8
37 123 4
37 147 30
37 161 5
37 170 36
37 179 8
37 185 7
37 201 10
37 225 23
37 237 39
37 242 2
37 249 13
37 255 13
37 258 10
37 264 13
37 270 22
37 271 15
37 286 25
37 301 12
37 310 18
37 338 10
37 389 17
37 413 6
37 438 37
37 475 18
37 522 8
37 533 10
37 544 2
37 548 15
37 589 2
37 592 17
37 604 4
37 677 7
37 740 4
37 783 3
37 824 6
37 1004 8
37 1146 17
37 1198 6
37 1327 17
37 1344 6
37 1393 9
37 1578 8
37 2238 14
38 39 7224
38 41 2773
38 48 5513
38 49 153
38 60 152
38 65 464
38 78 146
38 79 219
38 89 522
38 101 230
38 103 169
38 110 1839
38 117 103
38 123 142
38 147 239
38 161 139
38 170 2188
38 179 112
38 185 162
38 201 106
38 225 507
38 237 450
38 242 127
38 249 189
38 255 198
38 258 115
38 264 183
38 270 280
38 271 291
38 286 738
38 301 109
38 310 294
38 338 125
38 389 174
38 413 154
38 438 255
38 475 273
38 522 86
38 533 163
38 544 94
38 548 152
38 589 126
38 592 136
38 604 149
38 677 119
38 740 159
38 783 113
38 824 97
38 1004 125
38 1146 239
38 1198 89
38 1327 333
38 1344 180
38 1393 135
38 1578 125
38 2238 289
39 41 8058
39 48 20080
39 49 513
39 60 798
39 65 1966
39 78 532
39 79 763
39 89 1881
39 101 934
39 103 404
39 110 1191
39 117 411
39 123 509
39 147 811
39 161 417
39 170 1467
39 179 445
39 185 609
39 201 465
39 225 1703
39 237 1319
39 242 388
39 249 494
39 255 757
39 258 440
39 264 437
39 270 861
39 271 1040
39 286 469
39 301 506
39 310 1297
39 338 508
39 389 445
39 413 595
39 438 830
39 475 1051
39 522 437
39 533 637
39 544 396
39 548 461
39 589 486
39 592 547
39 604 569
39 677 452
39 740 531
39 783 480
39 824 427
39 1004 403
39 1146 795
39 1198 405
39 1327 1116
39 1344 467
39 1393 491
39 1578 426
39 2238 922
41 48 6300
41 49 151
41 60 229
41 65 709
41 78 137
41 79 360
41 89 463
41 101 335
41 103 131
41 110 457
41 117 216
41 123 168
41 147 320
41 161 142
41 170 601
41 179 154
41 185 209
41 201 181
41 225 663
41 237 403
41 242 88
41 249 178
41 255 254
41 258 177
41 264 153
41 270 375
41 271 421
41 286 175
41 301 177
41 310 514
41 338 177
41 389 147
41 413 189
41 438 296
41 475 428
41 522 150
41 533 230
41 544 160
41 548 164
41 589 152
41 592 235
41 604 238
41 677 169
41 740 149
41 783 180
41 824 204
41 1004 132
41 1146 412
41 1198 214
41 1327 450
41 1344 253
41 1393 156
41 1578 126
41 2238 412
48 49 570
48 60 664
48 65 1764
48 78 553
48 79 608
48 89 1911
48 101 878
48 103 344
48 110 928
48 117 454
48 123 544
48 147 731
48 161 347
48 170 1091
48 179 421
48 185 590
48 201 479
48 225 1241
48 237 1139
48 242 260
48 249 439
48 255 755
48 258 453
48 264 377
48 270 697
48 271 789
48 286 379
48 301 450
48 310 1166
48 338 533
48 389 339
48 413 579
48 438 687
48 475 1004
48 522 373
48 533 578
48 544 376
48 548 452
48 589 411
48 592 565
48 604 505
48 677 455
48 740 346
48 783 445
48 824 404
48 1004 420
48 1146 647
48 1198 374
48 1327 927
48 1344 409
48 1393 416
48 1578 340
48 2238 667
49 60 7
49 65 43
49 78 18
49 79 12
49 89 10
49 101 39
49 103 3
49 110 28
49 117 9
49 123 26
49 147 15
49 161 16
49 170 25
49 179 19
49 185 15
49 201 24
49 225 41
49 237 29
49 242 6
49 249 10
49 255 18
49 258 20
49 264 9
49 270 31
49 271 18
49 286 10
49 301 16
49 310 38
49 338 24
49 389 9
49 413 22
49 438 22
49 475 43
49 522 13
49 533 17
49 544 17
49 548 14
49 589 17
49 592 24
49 604 16
49 677 18
49 740 13
49 783 8
49 824 16
49 1004 18
49 1146 14
49 1198 9
49 1327 32
49 1344 8
49 1393 14
49 1578 8
49 2238 18
60 65 142
60 78 17
60 79 25
60 89 120
60 101 8
60 103 29
60 110 30
60 117 24
60 123 29
60 147 37
60 161 25
60 170 24
60 179 4
60 185 34
60 201 31
60 225 56
60 237 75
60 242 13
60 249 26
60 255 40
60 258 31
60 264 20
60 270 27
60 271 29
60 286 10
60 301 72
60 310 99
60 338 2
60 389 13
60 413 52
60 438 28
60 475 36
60 522 26
60 533 28
60 544 36
60 548 20
60 589 34
60 592 28
60 604 95
60 677 20
60 740 19
60 783 43
60 824 14
60 1004 20
60 1146 29
60 1198 42
60 1327 28
60 1344 17
60 1393 22
60 1578 12
60 2238 32
65 78 44
65 79 72
65 89 215
65 101 154
65 103 55
65 110 63
65 117 80
65 123 67
65 147 114
65 161 50
65 170 80
65 179 61
65 185 51
65 201 122
65 225 151
65 237 133
65 242 22
65 249 72
65 255 94
65 258 64
65 264 59
65 270 67
65 271 129
65 286 26
65 301 109
65 310 164
65 338 88
65 389 38
65 413 109
65 438 71
65 475 117
65 522 48
65 533 62
65 544 50
65 548 67
65 589 74
65 592 76
65 604 88
65 677 52
65 740 35
65 783 98
65 824 71
65 1004 59
65 1146 75
65 1198 55
65 1327 129
65 1344 41
65 1393 65
65 1578 37
65 2238 84
78 79 17
78 89 93
78 101 25
78 103 3
78 110 18
78 117 15
78 123 12
78 147 21
78 161 12
78 170 30
78 179 15
78 185 20
78 201 6
78 225 33
78 237 47
78 242 5
78 249 10
78 255 12
78 258 8
78 264 10
78 270 17
78 271 13
78 286 5
78 301 9
78 310 36
78 338 9
78 389 5
78 413 17
78 438 18
78 475 33
78 522 4
78 533 20
78 544 15
78 548 9
78 589 8
78 592 12
78 604 17
78 677 9
78 740 6
78 783 15
78 824 13
78 1004 4
78 1146 29
78 1198 7
78 1327 21
78 1344 8
78 1393 23
78 1578 3
78 2238 21
79 89 51
79 101 41
79 103 26
79 110 30
79 117 15
79 123 12
79 147 30
79 161 19
79 170 49
79 179 15
79 185 38
79 201 20
79 225 98
79 237 37
79 242 9
79 249 19
79 255 22
79 258 18
79 264 9
79 270 40
79 271 47
79 286 7
79 301 17
79 310 45
79 338 16
79 389 22
79 413 17
79 438 27
79 475 55
79 522 17
79 533 21
79 544 13
79 548 17
79 589 12
79 592 19
79 604 22
79 677 14
79 740 9
79 783 23
79 824 14
79 1004 29
79 1146 53
79 1198 23
79 1327 35
79 1344 19
79 1393 14
79 1578 10
79 2238 59
89 101 129
89 103 33
89 110 69
89 117 50
89 123 55
89 147 81
89 161 51
89 170 120
89 179 43
89 185 68
89 201 74
89 225 123
89 237 157
89 242 28
89 249 60
89 255 66
89 258 60
89 264 58
89 270 52
89 271 70
89 286 38
89 301 53
89 310 167
89 338 70
89 389 36
89 413 63
89 438 53
89 475 100
89 522 36
89 533 85
89 544 50
89 548 37
89 589 62
89 592 98
89 604 60
89 677 36
89 740 46
89 783 62
89 824 39
89 1004 39
89 1146 51
89 1198 58
89 1327 85
89 1344 33
89 1393 67
89 1578 34
89 2238 66
101 103 9
101 110 24
101 117 35
101 123 33
101 147 86
101 161 13
101 170 53
101 179 15
101 185 57
101 201 72
101 225 60
101 237 87
101 242 19
101 249 31
101 255 71
101 258 34
101 264 20
101 270 34
101 271 58
101 286 9
101 301 88
101 310 88
101 338 18
101 389 20
101 413 98
101 438 18
101 475 74
101 522 45
101 533 51
101 544 52
101 548 30
101 589 35
101 592 29
101 604 74
101 677 42
101 740 32
101 783 46
101 824 76
101 1004 29
101 1146 34
101 1198 32
101 1327 54
101 1344 14
101 1393 28
101 1578 16
101 2238 49
103 110 39
103 117 10
103 123 9
103 147 18
103 161 9
103 170 34
103 179 12
103 185 8
103 201 6
103 225 62
103 237 22
103 242 7
103 249 7
103 255 7
103 258 4
103 264 13
103 270 23
103 271 24
103 286 8
103 301 10
103 310 30
103 338 8
103 389 67
103 413 13
103 438 20
103 475 22
103 522 10
103 533 12
103 544 7
103 548 14
103 589 12
103 592 4
103 604 6
103 677 5
103 740 7
103 783 7
103 824 7
103 1004 8
103 1146 23
103 1198 4
103 1327 19
103 1344 11
103 1393 10
103 1578 6
103 2238 41
110 117 7
110 123 15
110 147 26
110 161 39
110 170 114
110 179 11
110 185 19
110 201 11
110 225 79
110 237 66
110 242 10
110 249 30
110 255 30
110 258 21
110 264 35
110 270 50
110 271 47
110 286 41
110 301 8
110 310 44
110 338 11
110 389 28
110 413 18
110 438 30
110 475 36
110 522 13
110 533 26
110 544 18
110 548 48
110 589 18
110 592 21
110 604 19
110 677 13
110 740 7
110 783 10
110 824 7
110 1004 25
110 1146 36
110 1198 11
110 1327 62
110 1344 13
110 1393 13
110 1578 10
110 2238 42
117 123 16
117 147 29
117 161 16
117 170 23
117 179 14
117 185 26
117 201 21
117 225 40
117 237 34
117 242 7
117 249 14
117 255 16
117 258 17
117 264 6
117 270 19
117 271 27
117 286 11
117 301 29
117 310 44
117 338 31
117 389 3
117 413 31
117 438 10
117 475 38
117 522 12
117 533 31
117 544 12
117 548 8
117 589 17
117 592 25
117 604 22
117 677 12
117 740 28
117 783 21
117 824 23
117 1004 12
117 1146 22
117 1198 36
117 1327 19
117 1344 17
117 1393 16
117 1578 10
117 2238 20
123 147 44
123 161 12
123 170 25
123 179 16
123 185 25
123 201 25
123 225 37
123 237 44
123 242 8
123 249 4
123 255 17
123 258 14
123 264 18
123 270 17
123 271 18
123 286 7
123 301 19
123 310 60
123 338 37
123 389 9
123 413 24
123 438 25
123 475 41
123 522 23
123 533 18
123 544 18
123 548 19
123 589 17
123 592 32
123 604 14
123 677 29
123 740 6
123 783 20
123 824 24
123 1004 16
123 1146 7
123 1198 16
123 1327 33
123 1344 15
123 1393 18
123 1578 9
123 2238 15
147 161 9
147 170 47
147 179 106
147 185 39
147 201 41
147 225 62
147 237 70
147 242 3
147 249 12
147 255 30
147 258 7
147 264 14
147 270 45
147 271 46
147 286 21
147 301 7
147 310 59
147 338 55
147 389 20
147 413 57
147 438 25
147 475 73
147 522 14
147 533 31
147 544 11
147 548 34
147 589 18
147 592 49
147 604 22
147 677 6
147 740 18
147 783 24
147 824 16
147 1004 32
147 1146 20
147 1198 30
147 1327 44
147 1344 27
147 1393 22
147 1578 31
147 2238 39
161 170 21
161 179 18
161 185 6
161 201 15
161 225 32
161 237 27
161 242 5
161 249 15
161 255 22
161 258 4
161 264 6
161 270 20
161 271 20
161 286 3
161 301 13
161 310 29
161 338 26
161 389 7
161 413 10
161 438 31
161 475 24
161 522 4
161 533 16
161 544 15
161 548 10
161 589 5
161 592 6
161 604 24
161 677 7
161 740 3
161 783 15
161 824 5
161 1004 7
161 1146 19
161 1198 16
161 1327 28
161 1344 16
161 1393 5
161 1578 3
161 2238 10
170 179 23
170 185 39
170 201 25
170 225 91
170 237 103
170 242 25
170 249 38
170 255 45
170 258 18
170 264 53
170 270 52
170 271 44
170 286 39
170 301 25
170 310 70
170 338 28
170 389 32
170 413 35
170 438 68
170 475 47
170 522 14
170 533 21
170 544 26
170 548 24
170 589 21
170 592 19
170 604 19
170 677 23
170 740 27
170 783 17
170 824 20
170 1004 20
170 1146 47
170 1198 20
170 1327 71
170 1344 32
170 1393 32
170 1578 32
170 2238 56
179 185 18
179 201 13
179 225 30
179 237 21
179 242 5
179 249 12
179 255 29
179 258 26
179 264 8
179 270 18
179 271 16
179 286 9
179 301 81
179 310 26
179 338 3
179 389 8
179 413 20
179 438 26
179 475 35
179 522 8
179 533 22
179 544 8
179 548 22
179 589 13
179 592 18
179 604 20
179 677 7
179 740 8
179 783 18
179 824 52
179 1004 14
179 1146 10
179 1198 12
179 1327 35
179 1344 11
179 1393 12
179 1578 18
179 2238 15
185 201 37
185 225 42
185 237 53
185 242 19
185 249 26
185 255 23
185 258 25
185 264 21
185 270 33
185 271 36
185 286 6
185 301 25
185 310 64
185 338 34
185 389 14
185 413 48
185 438 23
185 475 46
185 522 20
185 533 19
185 544 20
185 548 27
185 589 32
185 592 27
185 604 39
185 677 19
185 740 10
185 783 24
185 824 25
185 1004 21
185 1146 25
185 1198 24
185 1327 43
185 1344 15
185 1393 27
185 1578 14
185 2238 21
201 225 30
201 237 33
201 242 4
201 249 22
201 255 36
201 258 21
201 264 6
201 270 14
201 271 26
201 286 9
201 301 27
201 310 49
201 338 41
201 389 7
201 413 33
201 438 21
201 475 39
201 522 26
201 533 27
201 544 18
201 548 19
201 589 21
201 592 25
201 604 32
201 677 22
201 740 8
201 783 25
201 824 29
201 1004 21
201 1146 28
201 1198 20
201 1327 43
201 1344 11
201 1393 22
201 1578 9
201 2238 18
225 237 112
225 242 46
225 249 38
225 255 46
225 258 21
225 264 36
225 270 215
225 271 271
225 286 27
225 301 43
225 310 122
225 338 27
225 389 64
225 413 50
225 438 43
225 475 68
225 522 19
225 533 43
225 544 28
225 548 44
225 589 35
225 592 29
225 604 46
225 677 29
225 740 44
225 783 55
225 824 21
225 1004 30
225 1146 106
225 1198 29
225 1327 60
225 1344 36
225 1393 25
225 1578 33
225 2238 296
237 242 33
237 249 113
237 255 64
237 258 56
237 264 38
237 270 48
237 271 42
237 286 37
237 301 49
237 310 135
237 338 46
237 389 18
237 413 50
237 438 60
237 475 120
237 522 32
237 533 61
237 544 26
237 548 31
237 589 39
237 592 44
237 604 37
237 677 23
237 740 35
237 783 56
237 824 21
237 1004 17
237 1146 41
237 1198 32
237 1327 55
237 1344 35
237 1393 51
237 1578 42
237 2238 29
242 249 20
242 255 15
242 258 1
242 264 7
242 270 14
242 271 32
242 286 6
242 301 7
242 310 21
242 338 6
242 389 5
242 413 9
242 438 7
242 475 10
242 522 4
242 533 20
242 548 8
242 589 15
242 592 6
242 604 14
242 677 3
242 740 53
242 783 12
242 824 1
242 1004 12
242 1146 13
242 1198 16
242 1327 27
242 1344 4
242 1393 10
242 1578 3
242 2238 12
249 255 19
249 258 8
249 264 22
249 270 25
249 271 37
249 286 10
249 301 11
249 310 51
249 338 11
249 389 5
249 413 20
249 438 10
249 475 39
249 522 12
249 533 21
249 544 10
249 548 14
249 589 12
249 592 22
249 604 26
249 677 8
249 740 22
249 783 17
249 824 14
249 1004 15
249 1146 10
249 1198 14
249 1327 33
249 1344 22
249 1393 20
249 1578 15
249 2238 16
255 258 15
255 264 17
255 270 17
255 271 42
255 286 13
255 301 18
255 310 62
255 338 25
255 389 20
255 413 31
255 438 29
255 475 30
255 522 18
255 533 24
255 544 13
255 548 21
255 589 29
255 592 26
255 604 37
255 677 23
255 740 20
255 783 18
255 824 14
255 1004 18
255 1146 21
255 1198 18
255 1327 33
255 1344 7
255 1393 19
255 1578 13
255 2238 30
258 264 19
258 270 17
258 271 12
258 286 13
258 301 2
258 310 22
258 338 52
258 389 17
258 413 34
258 438 11
258 475 38
258 522 15
258 533 28
258 544 26
258 548 24
258 589 9
258 592 14
258 604 16
258 740 11
258 783 19
258 824 3
258 1004 33
258 1146 7
258 1198 8
258 1327 11
258 1344 24
258 1393 13
258 1578 2
258 2238 21
264 270 19
264 271 19
264 286 10
264 301 17
264 310 33
264 338 12
264 389 8
264 413 16
264 438 20
264 475 20
264 522 7
264 533 6
264 544 9
264 548 18
264 589 11
264 592 11
264 604 13
264 677 15
264 740 10
264 783 11
264 824 10
264 1004 16
264 1146 8
264 1198 13
264 1327 21
264 1344 9
264 1393 13
264 1578 14
264 2238 17
270 271 491
270 286 27
270 301 21
270 310 47
270 338 14
270 389 51
270 413 27
270 438 45
270 475 45
270 522 14
270 533 27
270 544 19
270 548 33
270 589 14
270 592 23
270 604 8
270 677 19
270 740 8
270 783 18
270 824 10
270 1004 25
270 1146 31
270 1198 13
270 1327 32
270 1344 26
270 1393 15
270 1578 24
270 2238 193
271 286 12
271 301 27
271 310 52
271 338 25
271 389 62
271 413 38
271 438 22
271 475 41
271 522 11
271 533 34
271 544 21
271 548 37
271 589 21
271 592 25
271 604 29
271 677 19
271 740 18
271 783 29
271 824 17
271 1004 29
271 1146 35
271 1198 14
271 1327 44
271 1344 13
271 1393 13
271 1578 12
271 2238 211
286 301 7
286 310 11
286 338 9
286 389 11
286 413 9
286 438 15
286 475 22
286 522 6
286 533 8
286 544 7
286 548 9
286 589 6
286 592 8
286 604 7
286 677 6
286 740 3
286 783 5
286 824 3
286 1004 2
286 1146 10
286 1198 5
286 1327 20
286 1344 17
286 1393 13
286 1578 5
286 2238 12
301 310 51
301 338 12
301 389 8
301 413 33
301 438 17
301 475 31
301 522 18
301 533 16
301 544 17
301 548 15
301 589 27
301 592 33
301 604 43
301 677 3
301 740 17
301 783 39
301 824 8
301 1004 15
301 1146 14
301 1198 7
301 1327 43
301 1344 12
301 1393 11
301 1578 2
301 2238 19
310 338 37
310 389 31
310 413 45
310 438 37
310 475 13
310 522 52
310 533 42
310 544 28
310 548 35
310 589 35
310 592 42
310 604 63
310 677 13
310 740 28
310 783 41
310 824 28
310 1004 29
310 1146 92
310 1198 53
310 1327 74
310 1344 34
310 1393 37
310 1578 22
310 2238 57
338 389 7
338 413 39
338 438 13
338 475 63
338 522 23
338 533 45
338 544 28
338 548 22
338 589 20
338 592 27
338 604 23
338 677 33
338 740 8
338 783 26
338 824 46
338 1004 23
338 1146 14
338 1198 20
338 1327 14
338 1344 14
338 1393 18
338 1578 9
338 2238 21
389 413 12
389 438 16
389 475 20
389 522 7
389 533 12
389 544 5
389 548 13
389 589 7
389 592 5
389 604 10
389 677 5
389 740 7
389 783 11
389 824 6
389 1004 9
389 1146 20
389 1198 16
389 1327 8
389 1344 11
389 1393 3
389 1578 5
389 2238 34
413 438 12
413 475 45
413 522 14
413 533 27
413 544 25
413 548 22
413 589 12
413 592 14
413 604 40
413 677 22
413 740 12
413 783 22
413 824 30
413 1004 57
413 1146 10
413 1198 16
413 1327 36
413 1344 12
413 1393 20
413 1578 11
413 2238 32
438 475 43
438 522 14
438 533 17
438 544 14
438 548 20
438 589 21
438 592 22
438 604 17
438 677 21
438 740 24
438 783 16
438 824 15
438 1004 16
438 1146 8
438 1198 17
438 1327 19
438 1344 6
438 1393 21
438 1578 7
438 2238 24
475 522 49
475 533 49
475 544 38
475 548 23
475 589 18
475 592 43
475 604 38
475 677 47
475 740 25
475 783 23
475 824 36
475 1004 41
475 1146 51
475 1198 17
475 1327 46
475 1344 19
475 1393 42
475 1578 25
475 2238 23
522 533 16
522 544 28
522 548 11
522 589 19
522 592 17
522 604 28
522 677 16
522 740 7
522 783 9
522 824 14
522 1004 19
522 1146 13
522 1198 13
522 1327 18
522 1344 15
522 1393 15
522 1578 7
522 2238 17
533 544 28
533 548 16
533 589 25
533 592 28
533 604 31
533 677 24
533 740 22
533 783 29
533 824 20
533 1004 22
533 1146 27
533 1327 48
533 1344 8
533 1393 21
533 1578 17
533 2238 23
544 548 7
544 589 11
544 592 13
544 604 22
544 677 14
544 740 9
544 783 11
544 824 9
544 1004 11
544 1146 13
544 1198 12
544 1327 17
544 1344 11
544 1393 16
544 1578 5
544 2238 11
548 589 14
548 592 15
548 604 13
548 677 16
548 783 16
548 824 13
548 1004 26
548 1146 13
548 1198 10
548 1327 31
548 1344 25
548 1393 9
548 1578 5
548 2238 33
589 592 18
589 604 33
589 677 8
589 740 11
589 783 29
589 824 19
589 1004 7
589 1146 22
589 1198 23
589 1327 26
589 1344 8
589 1393 13
589 1578 7
589 2238 29
592 604 19
592 677 35
592 740 12
592 783 26
592 824 25
592 1004 26
592 1146 16
592 1198 33
592 1327 22
592 1344 18
592 1393 29
592 1578 23
592 2238 14
604 677 8
604 740 29
604 783 46
604 824 15
604 1004 17
604 1146 27
604 1198 33
604 1327 31
604 1344 13
604 1393 24
604 1578 6
604 2238 27
677 740 5
677 783 14
677 824 6
677 1004 42
677 1146 23
677 1198 10
677 1327 26
677 1344 10
677 1393 13
677 1578 12
677 2238 22
740 783 12
740 824 5
740 1004 9
740 1146 7
740 1198 10
740 1327 34
740 1344 10
740 1393 21
740 1578 5
740 2238 13
783 824 18
783 1004 13
783 1146 11
783 1198 17
783 1327 34
783 1344 13
783 1393 23
783 1578 10
783 2238 29
824 1004 28
824 1146 14
824 1198 14
824 1327 38
824 1344 10
824 1393 11
824 1578 14
824 2238 13
1004 1146 14
1004 1198 8
1004 1327 49
1004 1344 7
1004 1393 8
1004 1578 10
1004 2238 24
1146 1198 28
1146 1327 21
1146 1344 19
1146 1393 32
1146 1578 16
1146 2238 38
1198 1327 40
1198 1344 14
1198 1393 21
1198 1578 6
1198 2238 13
1327 1344 26
1327 1393 29
1327 1578 4
1327 2238 25
1344 1393 10
1344 1578 7
1344 2238 14
1393 1578 22
1393 2238 13
1578 2238 16
