9 19 87
9 31 22
9 32 250
9 36 45
9 37 12
9 38 198
9 39 832
9 41 307
9 45 14
9 48 790
9 49 27
9 60 59
9 65 136
9 78 26
9 79 19
9 89 110
9 101 97
9 110 14
9 117 50
9 123 24
9 147 51
9 161 30
9 170 51
9 175 19
9 179 24
9 185 46
9 201 41
9 225 48
9 237 83
9 242 23
9 249 44
9 255 34
9 258 51
9 264 17
9 270 37
9 271 52
9 286 13
9 301 62
9 310 96
9 338 72
9 413 81
9 438 17
9 475 68
9 479 30
9 522 36
9 533 50
9 548 21
9 589 34
9 592 30
9 604 64
9 677 23
9 740 24
9 783 43
9 824 45
9 956 28
9 1004 27
9 1146 30
9 1327 32
9 1393 40
9 2238 37
9 2958 10
9 3270 31
9 10515 25
9 12925 26
9 13041 20
9 14098 54
9 15832 26
9 16010 30
9 16217 18
19 31 16
19 32 180
19 36 25
19 37 16
19 38 141
19 39 592
19 41 202
19 45 10
19 48 591
19 49 17
19 60 46
19 65 74
19 78 20
19 79 12
19 89 69
19 101 82
19 110 17
19 117 7
19 123 27
19 147 33
19 161 15
19 170 30
19 175 10
19 179 25
19 185 43
19 201 30
19 225 34
19 237 62
19 242 6
19 249 22
19 255 21
19 258 37
19 264 16
19 270 16
19 271 18
19 286 7
19 301 23
19 310 64
19 338 38
19 413 51
19 438 31
19 475 49
19 479 17
19 522 28
19 533 25
19 548 21
19 589 17
19 592 28
19 604 29
19 677 21
19 740 11
19 783 23
19 824 25
19 956 11
19 1004 23
19 1146 14
19 1327 18
19 1393 27
19 2238 8
19 2958 6
19 3270 26
19 10515 11
19 12925 21
19 13041 17
19 14098 22
19 15832 22
19 16010 18
19 16217 16
31 32 185
31 36 16
31 37 19
31 38 165
31 39 538
31 41 207
31 45 5
31 48 493
31 49 7
31 60 22
31 65 56
31 78 16
31 79 29
31 89 84
31 101 44
31 110 39
31 117 6
31 123 34
31 147 19
31 161 4
31 170 29
31 175 10
31 179 13
31 185 25
31 201 14
31 225 52
31 237 95
31 242 5
31 249 40
31 255 28
31 258 12
31 264 24
31 270 25
31 271 43
31 286 15
31 301 9
31 310 54
31 338 13
31 413 23
31 438 15
31 475 35
31 479 8
31 522 12
31 533 29
31 548 24
31 589 6
31 592 9
31 604 13
31 677 17
31 740 19
31 783 11
31 824 9
31 956 14
31 1004 14
31 1146 15
31 1327 37
31 1393 12
31 2238 23
31 2958 12
31 3270 9
31 10515 21
31 12925 28
31 13041 14
31 14098 23
31 15832 25
31 16010 19
31 16217 13
32 36 494
32 37 186
32 38 2833
32 39 8455
32 41 3196
32 45 116
32 48 8034
32 49 205
32 60 262
32 65 774
32 78 232
32 79 384
32 89 713
32 101 412
32 110 449
32 117 193
32 123 252
32 147 359
32 161 188
32 170 540
32 175 198
32 179 228
32 185 289
32 201 184
32 225 655
32 237 568
32 242 134
32 249 216
32 255 321
32 258 194
32 264 155
32 270 437
32 271 470
32 286 229
32 301 279
32 310 541
32 338 229
32 413 326
32 438 349
32 475 447
32 479 167
32 522 180
32 533 300
32 548 280
32 589 228
32 592 257
32 604 224
32 677 266
32 740 167
32 783 194
32 824 262
32 956 209
32 1004 285
32 1146 340
32 1327 323
32 1393 231
32 2238 358
32 2958 189
32 3270 175
32 10515 163
32 12925 232
32 13041 225
32 14098 224
32 15832 231
32 16010 281
32 16217 204
36 37 72
36 38 2790
36 39 2037
36 41 700
36 45 68
36 48 1416
36 49 21
36 60 33
36 65 152
36 78 59
36 79 75
36 89 153
36 101 74
36 110 186
36 117 34
36 123 36
36 147 57
36 161 33
36 170 214
36 175 62
36 179 27
36 185 41
36 201 29
36 225 144
36 237 159
36 242 62
36 249 62
36 255 54
36 258 29
36 264 73
36 270 58
36 271 85
36 286 48
36 301 37
36 310 92
36 338 24
36 413 54
36 438 68
36 475 54
36 479 33
36 522 24
36 533 43
36 548 10
36 589 53
36 592 34
36 604 45
36 677 18
36 740 55
36 783 40
36 824 21
36 956 19
36 1004 30
36 1146 63
36 1327 61
36 1393 32
36 2238 78
36 2958 24
36 3270 41
36 10515 28
36 12925 53
36 13041 25
36 14098 52
36 15832 27
36 16010 37
36 16217 29
37 38 1046
37 39 707
37 41 247
37 45 31
37 48 565
37 49 10
37 60 7
37 65 28
37 78 11
37 79 16
37 89 68
37 101 31
37 110 75
37 117 8
37 123 8
37 147 37
37 161 6
37 170 52
37 175 21
37 179 12
37 185 13
37 201 12
37 225 29
37 237 54
37 242 4
37 249 23
37 255 20
37 258 13
37 264 14
37 270 30
37 271 19
37 286 35
37 301 14
37 310 24
37 338 14
37 413 10
37 438 52
37 475 26
37 479 12
37 522 13
37 533 14
37 548 18
37 589 3
37 592 19
37 604 7
37 677 16
37 740 6
37 783 6
37 824 9
37 956 6
37 1004 9
37 1146 19
37 1327 18
37 1393 12
37 2238 19
37 2958 15
37 3270 11
37 10515 5
37 12925 14
37 13041 18
37 14098 6
37 15832 14
37 16010 23
37 16217 12
38 39 10345
38 41 3897
38 45 165
38 48 7944
38 49 224
38 60 193
38 65 643
38 78 219
38 79 313
38 89 764
38 101 345
38 110 2725
38 117 132
38 123 201
38 147 328
38 161 218
38 170 3031
38 175 272
38 179 162
38 185 217
38 201 147
38 225 681
38 237 683
38 242 200
38 249 269
38 255 267
38 258 162
38 264 251
38 270 390
38 271 392
38 286 1116
38 301 140
38 310 433
38 338 184
38 413 297
38 438 389
38 475 393
38 479 139
38 522 129
38 533 235
38 548 206
38 589 170
38 592 185
38 604 195
38 677 173
38 740 221
38 783 154
38 824 172
38 956 162
38 1004 177
38 1146 306
38 1327 347
38 1393 203
38 2238 407
38 2958 185
38 3270 174
38 10515 114
38 12925 294
38 13041 183
38 14098 181
38 15832 162
38 16010 221
38 16217 193
39 41 11414
39 45 559
39 48 29142
39 49 768
39 60 983
39 65 2787
39 78 774
39 79 1111
39 89 2749
39 101 1400
39 110 1759
39 117 554
39 123 726
39 147 1137
39 161 622
39 170 2059
39 175 631
39 179 653
39 185 828
39 201 669
39 225 2351
39 237 1929
39 242 564
39 249 752
39 255 1057
39 258 628
39 264 599
39 270 1194
39 271 1434
39 286 750
39 301 715
39 310 1852
39 338 742
39 413 1130
39 438 1260
39 475 1500
39 479 580
39 522 648
39 533 922
39 548 663
39 589 708
39 592 723
39 604 775
39 677 635
39 740 759
39 783 640
39 824 703
39 956 600
39 1004 583
39 1146 983
39 1327 1156
39 1393 789
39 2238 1287
39 2958 655
39 3270 576
39 10515 528
39 12925 938
39 13041 688
39 14098 801
39 15832 718
39 16010 829
39 16217 728
41 45 172
41 48 9018
41 49 220
41 60 264
41 65 995
41 78 201
41 79 499
41 89 732
41 101 476
41 110 677
41 117 264
41 123 236
41 147 438
41 161 210
41 170 805
41 175 293
41 179 224
41 185 298
41 201 253
41 225 877
41 237 597
41 242 119
41 249 258
41 255 332
41 258 254
41 264 204
41 270 508
41 271 584
41 286 268
41 301 256
41 310 719
41 338 256
41 413 414
41 438 428
41 475 570
41 479 203
41 522 214
41 533 336
41 548 242
41 589 217
41 592 303
41 604 286
41 677 229
41 740 206
41 783 201
41 824 320
41 956 225
41 1004 198
41 1146 501
41 1327 459
41 1393 215
41 2238 570
41 2958 217
41 3270 214
41 10515 172
41 12925 154
41 13041 390
41 14098 170
41 15832 421
41 16010 467
41 16217 433
45 48 492
45 49 13
45 60 11
45 65 39
45 78 8
45 79 26
45 89 51
45 101 52
45 110 13
45 117 11
45 123 14
45 147 22
45 161 12
45 170 30
45 175 6
45 179 1
45 185 15
45 201 17
45 225 53
45 237 54
45 242 12
45 249 46
45 255 23
45 258 4
45 264 7
45 270 10
45 271 28
45 286 8
45 301 11
45 310 29
45 338 9
45 413 47
45 475 9
45 479 9
45 522 11
45 533 46
45 548 12
45 589 13
45 592 10
45 604 16
45 677 17
45 740 27
45 783 5
45 824 8
45 956 8
45 1004 17
45 1146 16
45 1327 32
45 1393 27
45 2238 12
45 2958 9
45 3270 30
45 10515 3
45 12925 23
45 13041 3
45 14098 9
45 15832 6
45 16010 7
45 16217 5
48 49 843
48 60 815
48 65 2529
48 78 824
48 79 893
48 89 2798
48 101 1311
48 110 1380
48 117 601
48 123 797
48 147 1036
48 161 517
48 170 1557
48 175 493
48 179 624
48 185 816
48 201 674
48 225 1736
48 237 1682
48 242 399
48 249 675
48 255 1057
48 258 643
48 264 534
48 270 957
48 271 1090
48 286 591
48 301 658
48 310 1692
48 338 779
48 413 1135
48 438 1025
48 475 1428
48 479 513
48 522 582
48 533 861
48 548 658
48 589 628
48 592 743
48 604 687
48 677 666
48 740 520
48 783 583
48 824 701
48 956 540
48 1004 614
48 1146 811
48 1327 968
48 1393 669
48 2238 955
48 2958 779
48 3270 592
48 10515 524
48 12925 817
48 13041 602
48 14098 698
48 15832 585
48 16010 730
48 16217 647
49 60 11
49 65 73
49 78 31
49 79 19
49 89 17
49 101 54
49 110 38
49 117 18
49 123 34
49 147 25
49 161 24
49 170 41
49 175 6
49 179 32
49 185 24
49 201 32
49 225 53
49 237 37
49 242 12
49 249 17
49 255 30
49 258 28
49 264 10
49 270 38
49 271 27
49 286 15
49 301 22
49 310 54
49 338 34
49 413 49
49 438 26
49 475 59
49 479 25
49 522 18
49 533 29
49 548 15
49 589 27
49 592 33
49 604 19
49 677 29
49 740 15
49 783 15
49 824 32
49 956 13
49 1004 23
49 1146 20
49 1327 33
49 1393 23
49 2238 25
49 2958 20
49 3270 31
49 10515 16
49 12925 24
49 13041 5
49 14098 14
49 15832 9
49 16010 9
49 16217 9
60 65 176
60 78 22
60 79 30
60 89 143
60 101 9
60 110 38
60 117 27
60 123 33
60 147 44
60 161 32
60 170 35
60 175 22
60 179 6
60 185 38
60 201 32
60 225 78
60 237 86
60 242 13
60 249 31
60 255 47
60 258 35
60 264 26
60 270 33
60 271 34
60 286 11
60 301 85
60 310 118
60 338 2
60 413 81
60 438 34
60 475 47
60 479 44
60 522 29
60 533 29
60 548 20
60 589 45
60 592 33
60 604 107
60 677 24
60 740 22
60 783 49
60 824 20
60 956 13
60 1004 24
60 1146 31
60 1327 30
60 1393 29
60 2238 39
60 2958 7
60 3270 23
60 10515 29
60 12925 18
60 13041 41
60 14098 43
60 15832 1
60 16010 5
60 16217 1
65 78 65
65 79 100
65 89 314
65 101 230
65 110 88
65 117 101
65 123 95
65 147 158
65 161 79
65 170 111
65 175 68
65 179 93
65 185 79
65 201 163
65 225 213
65 237 215
65 242 40
65 249 105
65 255 132
65 258 97
65 264 89
65 270 92
65 271 168
65 286 32
65 301 144
65 310 226
65 338 119
65 413 176
65 438 102
65 475 168
65 479 110
65 522 79
65 533 107
65 548 88
65 589 120
65 592 105
65 604 126
65 677 67
65 740 54
65 783 124
65 824 112
65 956 72
65 1004 85
65 1146 98
65 1327 137
65 1393 102
65 2238 123
65 2958 44
65 3270 86
65 10515 108
65 12925 102
65 13041 49
65 14098 108
65 15832 91
65 16010 79
65 16217 74
78 79 26
78 89 121
78 101 41
78 110 33
78 117 20
78 123 16
78 147 25
78 161 18
78 170 43
78 175 12
78 179 20
78 185 30
78 201 12
78 225 50
78 237 70
78 242 8
78 249 16
78 255 23
78 258 11
78 264 14
78 270 25
78 271 21
78 286 9
78 301 20
78 310 50
78 338 13
78 413 27
78 438 27
78 475 47
78 479 23
78 522 6
78 533 33
78 548 12
78 589 18
78 592 16
78 604 26
78 677 14
78 740 9
78 783 16
78 824 25
78 956 15
78 1004 12
78 1146 32
78 1327 25
78 1393 27
78 2238 32
78 2958 40
78 3270 13
78 10515 23
78 12925 23
78 13041 5
78 14098 27
78 15832 7
78 16010 13
78 16217 7
79 89 72
79 101 58
79 110 44
79 117 23
79 123 16
79 147 47
79 161 23
79 170 68
79 175 40
79 179 20
79 185 45
79 201 30
79 225 134
79 237 55
79 242 15
79 249 27
79 255 28
79 258 19
79 264 10
79 270 63
79 271 63
79 286 15
79 301 24
79 310 66
79 338 24
79 413 43
79 438 34
79 475 73
79 479 25
79 522 22
79 533 31
79 548 26
79 589 14
79 592 22
79 604 27
79 677 21
79 740 14
79 783 30
79 824 30
79 956 11
79 1004 42
79 1146 86
79 1327 39
79 1393 24
79 2238 91
79 2958 26
79 3270 32
79 10515 27
79 12925 13
79 13041 22
79 14098 26
79 15832 17
79 16010 24
79 16217 28
89 101 191
89 110 107
89 117 64
89 123 78
89 147 117
89 161 74
89 170 171
89 175 43
89 179 63
89 185 89
89 201 103
89 225 163
89 237 232
89 242 43
89 249 83
89 255 89
89 258 93
89 264 77
89 270 73
89 271 98
89 286 60
89 301 71
89 310 228
89 338 110
89 413 123
89 438 65
89 475 153
89 479 68
89 522 56
89 533 120
89 548 59
89 589 94
89 592 117
89 604 84
89 677 48
89 740 69
89 783 75
89 824 67
89 956 59
89 1004 56
89 1146 65
89 1327 88
89 1393 94
89 2238 89
89 2958 54
89 3270 62
89 10515 68
89 12925 94
89 13041 107
89 14098 106
89 15832 59
89 16010 53
89 16217 40
101 110 31
101 117 43
101 123 55
101 147 128
101 161 29
101 170 70
101 175 16
101 179 18
101 185 80
101 201 108
101 225 88
101 237 130
101 242 30
101 249 58
101 255 97
101 258 57
101 264 29
101 270 52
101 271 85
101 286 13
101 301 120
101 310 138
101 338 24
101 413 167
101 438 37
101 475 110
101 479 68
101 522 63
101 533 80
101 548 45
101 589 55
101 592 47
101 604 103
101 677 60
101 740 49
101 783 61
101 824 112
101 956 43
101 1004 45
101 1146 41
101 1327 55
101 1393 48
101 2238 68
101 2958 23
101 3270 51
101 10515 48
101 12925 55
101 13041 28
101 14098 70
101 15832 33
101 16010 40
101 16217 30
110 117 15
110 123 24
110 147 35
110 161 59
110 170 160
110 175 47
110 179 13
110 185 23
110 201 16
110 225 103
110 237 104
110 242 21
110 249 39
110 255 36
110 258 27
110 264 52
110 270 70
110 271 68
110 286 77
110 301 12
110 310 66
110 338 19
110 413 46
110 438 48
110 475 61
110 479 14
110 522 20
110 533 40
110 548 65
110 589 23
110 592 31
110 604 22
110 677 17
110 740 9
110 783 19
110 824 13
110 956 23
110 1004 31
110 1146 50
110 1327 67
110 1393 19
110 2238 62
110 2958 47
110 3270 25
110 10515 19
110 12925 58
110 13041 36
110 14098 24
110 15832 34
110 16010 51
110 16217 41
117 123 21
117 147 33
117 161 19
117 170 32
117 175 12
117 179 21
117 185 37
117 201 26
117 225 54
117 237 45
117 242 9
117 249 23
117 255 21
117 258 21
117 264 7
117 270 26
117 271 37
117 286 11
117 301 37
117 310 58
117 338 42
117 413 50
117 438 18
117 475 46
117 479 22
117 522 21
117 533 43
117 548 10
117 589 26
117 592 29
117 604 28
117 677 14
117 740 30
117 783 32
117 824 32
117 956 17
117 1004 16
117 1146 29
117 1327 21
117 1393 18
117 2238 23
117 2958 8
117 3270 28
117 10515 20
117 12925 15
117 13041 8
117 14098 45
117 15832 13
117 16010 7
117 16217 9
123 147 58
123 161 23
123 170 37
123 175 12
123 179 26
123 185 34
123 201 36
123 225 61
123 237 68
123 242 9
123 249 9
123 255 21
123 258 25
123 264 24
123 270 22
123 271 28
123 286 12
123 301 34
123 310 88
123 338 50
123 413 47
123 438 41
123 475 62
123 479 36
123 522 30
123 533 24
123 548 28
123 589 20
123 592 43
123 604 18
123 677 45
123 740 8
123 783 30
123 824 36
123 956 14
123 1004 29
123 1146 10
123 1327 34
123 1393 24
123 2238 23
123 2958 22
123 3270 13
123 10515 11
123 12925 27
123 13041 19
123 14098 15
123 15832 25
123 16010 26
123 16217 26
147 161 16
147 170 69
147 175 29
147 179 143
147 185 50
147 201 60
147 225 88
147 237 90
147 242 7
147 249 21
147 255 35
147 258 8
147 264 17
147 270 59
147 271 68
147 286 33
147 301 9
147 310 88
147 338 81
147 413 108
147 438 29
147 475 97
147 479 41
147 522 22
147 533 45
147 548 43
147 589 28
147 592 64
147 604 31
147 677 7
147 740 30
147 783 35
147 824 24
147 956 7
147 1004 52
147 1146 24
147 1327 44
147 1393 30
147 2238 63
147 2958 22
147 3270 23
147 10515 21
147 12925 30
147 13041 22
147 14098 34
147 15832 17
147 16010 31
147 16217 21
161 170 35
161 175 16
161 179 29
161 185 12
161 201 27
161 225 43
161 237 39
161 242 12
161 249 20
161 255 35
161 258 10
161 264 11
161 270 29
161 271 29
161 286 6
161 301 20
161 310 32
161 338 43
161 413 28
161 438 51
161 475 44
161 479 10
161 522 9
161 533 25
161 548 17
161 589 10
161 592 7
161 604 31
161 677 9
161 740 3
161 783 20
161 824 9
161 1004 13
161 1146 22
161 1327 29
161 1393 10
161 2238 18
161 2958 9
161 3270 11
161 10515 3
161 12925 24
161 13041 12
161 14098 20
161 15832 14
161 16010 11
161 16217 13
170 175 55
170 179 37
170 185 48
170 201 34
170 225 129
170 237 154
170 242 42
170 249 55
170 255 61
170 258 23
170 264 67
170 270 60
170 271 55
170 286 51
170 301 30
170 310 101
170 338 43
170 413 59
170 438 103
170 475 69
170 479 32
170 522 23
170 533 35
170 548 27
170 589 29
170 592 26
170 604 28
170 677 32
170 740 42
170 783 23
170 824 31
170 956 34
170 1004 28
170 1146 56
170 1327 73
170 1393 49
170 2238 72
170 2958 21
170 3270 43
170 10515 23
170 12925 65
170 13041 32
170 14098 37
170 15832 23
170 16010 41
170 16217 31
175 179 21
175 185 22
175 201 11
175 225 142
175 237 39
175 242 4
175 249 10
175 255 10
175 258 20
175 264 16
175 270 76
175 271 88
175 286 14
175 301 14
175 310 36
175 338 15
175 413 29
175 438 31
175 475 22
175 479 14
175 522 11
175 533 23
175 548 27
175 589 21
175 592 12
175 604 15
175 677 9
175 740 8
175 783 13
175 824 12
175 956 29
175 1004 17
175 1146 55
175 1327 10
175 1393 14
175 2238 75
175 2958 11
175 3270 7
175 10515 16
175 12925 14
175 13041 140
175 14098 13
175 15832 11
175 16010 20
175 16217 29
179 185 25
179 201 23
179 225 43
179 237 34
179 242 8
179 249 23
179 255 40
179 258 39
179 264 14
179 270 21
179 271 21
179 286 12
179 301 123
179 310 34
179 338 7
179 413 45
179 438 45
179 475 55
179 479 32
179 522 18
179 533 39
179 548 41
179 589 18
179 592 30
179 604 27
179 677 10
179 740 16
179 783 26
179 824 76
179 956 29
179 1004 20
179 1146 15
179 1327 36
179 1393 17
179 2238 20
179 2958 14
179 3270 17
179 10515 10
179 12925 19
179 13041 30
179 14098 19
179 15832 13
179 16010 20
179 16217 18
185 201 49
185 225 57
185 237 80
185 242 28
185 249 38
185 255 29
185 258 26
185 264 27
185 270 45
185 271 47
185 286 12
185 301 39
185 310 89
185 338 46
185 413 78
185 438 32
185 475 68
185 479 35
185 522 28
185 533 30
185 548 37
185 589 40
185 592 37
185 604 47
185 677 26
185 740 14
185 783 31
185 824 42
185 956 37
185 1004 31
185 1146 31
185 1327 47
185 1393 32
185 2238 28
185 2958 17
185 3270 29
185 10515 31
185 12925 45
185 13041 16
185 14098 33
185 15832 25
185 16010 22
185 16217 22
201 225 43
201 237 50
201 242 9
201 249 29
201 255 52
201 258 37
201 264 9
201 270 19
201 271 40
201 286 11
201 301 39
201 310 65
201 338 54
201 413 65
201 438 33
201 475 52
201 479 33
201 522 33
201 533 36
201 548 25
201 589 27
201 592 33
201 604 47
201 677 32
201 740 10
201 783 37
201 824 44
201 956 45
201 1004 25
201 1146 38
201 1327 46
201 1393 33
201 2238 27
201 2958 11
201 3270 22
201 10515 30
201 12925 18
201 13041 11
201 14098 33
201 15832 15
201 16010 17
201 16217 12
225 237 154
225 242 60
225 249 53
225 255 66
225 258 29
225 264 52
225 270 295
225 271 395
225 286 45
225 301 64
225 310 165
225 338 39
225 413 99
225 438 62
225 475 99
225 479 49
225 522 35
225 533 59
225 548 60
225 589 55
225 592 44
225 604 61
225 677 38
225 740 60
225 783 68
225 824 42
225 956 38
225 1004 42
225 1146 132
225 1327 60
225 1393 42
225 2238 405
225 2958 35
225 3270 51
225 10515 51
225 12925 56
225 13041 38
225 14098 82
225 15832 50
225 16010 15
225 16217 60
237 242 54
237 249 175
237 255 84
237 258 83
237 264 52
237 270 63
237 271 65
237 286 60
237 301 69
237 310 201
237 338 65
237 413 99
237 438 85
237 475 179
237 479 29
237 522 50
237 533 112
237 548 44
237 589 62
237 592 72
237 604 43
237 677 36
237 740 49
237 783 67
237 824 34
237 956 32
237 1004 28
237 1146 51
237 1327 56
237 1393 86
237 2238 45
237 2958 39
237 3270 35
237 10515 56
237 12925 52
237 13041 40
237 14098 50
237 15832 54
237 16010 54
237 16217 45
242 249 32
242 255 17
242 258 1
242 264 10
242 270 23
242 271 45
242 286 13
242 301 8
242 310 25
242 338 8
242 413 17
242 438 11
242 475 16
242 479 20
242 522 4
242 533 39
242 548 13
242 589 23
242 592 6
242 604 18
242 677 4
242 740 68
242 783 17
242 824 2
242 956 7
242 1004 13
242 1146 15
242 1327 29
242 1393 17
242 2238 17
242 2958 11
242 3270 6
242 10515 10
242 12925 42
242 13041 6
242 14098 26
242 15832 8
242 16010 12
242 16217 7
249 255 32
249 258 14
249 264 28
249 270 30
249 271 51
249 286 13
249 301 17
249 310 79
249 338 21
249 413 41
249 438 21
249 475 60
249 479 19
249 522 18
249 533 42
249 548 18
249 589 18
249 592 26
249 604 33
249 677 14
249 740 33
249 783 20
249 824 23
249 956 13
249 1004 23
249 1146 18
249 1327 34
249 1393 43
249 2238 22
249 2958 12
249 3270 22
249 10515 16
249 12925 16
249 13041 14
249 14098 31
249 15832 15
249 16010 23
249 16217 15
255 258 21
255 264 22
255 270 26
255 271 52
255 286 19
255 301 23
255 310 79
255 338 35
255 413 56
255 438 38
255 475 46
255 479 33
255 522 33
255 533 33
255 548 32
255 589 41
255 592 33
255 604 50
255 677 34
255 740 28
255 783 20
255 824 22
255 956 20
255 1004 30
255 1146 27
255 1327 36
255 1393 34
255 2238 37
255 2958 17
255 3270 28
255 10515 20
255 12925 21
255 13041 8
255 14098 25
255 15832 11
255 16010 15
255 16217 12
258 264 22
258 270 23
258 271 14
258 286 16
258 301 3
258 310 36
258 338 79
258 413 51
258 438 18
258 475 50
258 479 16
258 522 23
258 533 39
258 548 31
258 589 13
258 592 19
258 604 22
258 677 1
258 740 14
258 783 28
258 824 3
258 956 7
258 1004 50
258 1146 9
258 1327 11
258 1393 20
258 2238 27
258 2958 3
258 3270 18
258 10515 14
258 12925 12
258 13041 25
258 14098 16
258 15832 18
258 16010 22
258 16217 19
264 270 26
264 271 26
264 286 19
264 301 29
264 310 44
264 338 14
264 413 27
264 438 28
264 475 30
264 479 9
264 522 10
264 533 11
264 548 26
264 589 16
264 592 18
264 604 16
264 677 21
264 740 14
264 783 13
264 824 12
264 956 15
264 1004 23
264 1146 11
264 1327 21
264 1393 20
264 2238 24
264 2958 9
264 3270 16
264 10515 13
264 12925 19
264 13041 14
264 14098 13
264 15832 8
264 16010 25
264 16217 16
270 271 680
270 286 41
270 301 29
270 310 71
270 338 19
270 413 43
270 438 67
270 475 64
270 479 30
270 522 21
270 533 38
270 548 48
270 589 24
270 592 30
270 604 13
270 677 24
270 740 13
270 783 29
270 824 22
270 956 35
270 1004 32
270 1146 38
270 1327 39
270 1393 20
270 2238 264
270 2958 17
270 3270 24
270 10515 24
270 12925 33
270 13041 21
270 14098 30
270 15832 16
270 16010 21
270 16217 34
271 286 20
271 301 38
271 310 75
271 338 28
271 413 64
271 438 33
271 475 55
271 479 28
271 522 20
271 533 46
271 548 47
271 589 33
271 592 31
271 604 43
271 677 27
271 740 24
271 783 33
271 824 31
271 956 18
271 1004 38
271 1146 43
271 1327 47
271 1393 26
271 2238 282
271 2958 30
271 3270 31
271 10515 29
271 12925 44
271 13041 36
271 14098 32
271 15832 25
271 16010 23
271 16217 31
286 301 9
286 310 23
286 338 12
286 413 18
286 438 28
286 475 34
286 479 9
286 522 8
286 533 13
286 548 11
286 589 9
286 592 12
286 604 9
286 677 8
286 740 9
286 783 7
286 824 6
286 956 9
286 1004 7
286 1146 11
286 1327 22
286 1393 15
286 2238 19
286 2958 12
286 3270 11
286 10515 4
286 12925 20
286 13041 15
286 14098 9
286 15832 17
286 16010 18
286 16217 22
301 310 70
301 338 22
301 413 72
301 438 22
301 475 45
301 479 51
301 522 29
301 533 31
301 548 23
301 589 38
301 592 45
301 604 58
301 677 3
301 740 25
301 783 48
301 824 11
301 956 2
301 1004 23
301 1146 15
301 1327 43
301 1393 26
301 2238 32
301 2958 9
301 3270 40
301 10515 13
301 12925 24
301 13041 20
301 14098 27
301 15832 20
301 16010 16
301 16217 30
310 338 56
310 413 95
310 438 66
310 475 21
310 479 57
310 522 77
310 533 62
310 548 49
310 589 56
310 592 50
310 604 84
310 677 26
310 740 44
310 783 53
310 824 54
310 956 42
310 1004 47
310 1146 107
310 1327 79
310 1393 57
310 2238 70
310 2958 32
310 10515 65
310 12925 73
310 13041 34
310 14098 101
310 15832 58
310 16010 52
310 16217 37
338 413 78
338 438 21
338 475 92
338 479 21
338 522 33
338 533 64
338 548 34
338 589 29
338 592 32
338 604 31
338 677 40
338 740 12
338 783 36
338 824 82
338 956 34
338 1004 34
338 1146 19
338 1327 15
338 1393 27
338 2238 28
338 2958 5
338 3270 19
338 10515 15
338 12925 17
338 13041 31
338 14098 29
338 15832 38
338 16010 18
338 16217 22
413 438 29
413 475 85
413 479 54
413 522 40
413 533 44
413 548 39
413 589 29
413 592 31
413 604 72
413 677 34
413 740 18
413 783 35
413 824 74
413 956 54
413 1004 94
413 1146 26
413 1327 39
413 1393 44
413 2238 67
413 2958 22
413 3270 38
413 10515 44
413 12925 47
413 13041 110
413 14098 60
413 15832 33
413 16010 27
413 16217 87
438 475 65
438 479 23
438 522 21
438 533 27
438 548 22
438 589 29
438 592 30
438 604 23
438 677 27
438 740 36
438 783 23
438 824 25
438 956 10
438 1004 23
438 1146 12
438 1327 20
438 1393 34
438 2238 36
438 2958 17
438 3270 23
438 10515 15
438 12925 14
438 13041 27
438 14098 39
438 15832 40
438 16010 35
438 16217 31
475 479 40
475 522 70
475 533 85
475 548 36
475 589 24
475 592 59
475 604 46
475 677 64
475 740 36
475 783 38
475 824 55
475 956 65
475 1004 57
475 1146 62
475 1327 50
475 1393 57
475 2238 38
475 2958 33
475 3270 2
475 10515 22
475 12925 40
475 13041 27
475 14098 48
475 15832 37
475 16010 31
475 16217 32
479 522 20
479 533 24
479 548 18
479 589 36
479 592 20
479 604 37
479 677 26
479 740 5
479 783 33
479 824 29
479 956 9
479 1004 21
479 1146 16
479 1327 22
479 1393 23
479 2238 21
479 2958 10
479 3270 19
479 10515 14
479 12925 23
479 13041 19
479 14098 37
479 15832 14
479 16010 25
479 16217 21
522 533 26
522 548 17
522 589 23
522 592 30
522 604 36
522 677 24
522 740 13
522 783 12
522 824 26
522 956 19
522 1004 28
522 1146 17
522 1327 19
522 1393 19
522 2238 28
522 2958 9
522 3270 24
522 10515 11
522 12925 20
522 13041 7
522 14098 10
522 15832 20
522 16010 12
522 16217 17
533 548 24
533 589 33
533 592 42
533 604 44
533 677 30
533 740 33
533 783 37
533 824 39
533 956 40
533 1004 28
533 1146 35
533 1327 48
533 1393 34
533 2238 35
533 2958 15
533 3270 25
533 10515 32
533 12925 31
533 13041 17
533 14098 4
533 15832 25
533 16010 24
533 16217 12
548 589 20
548 592 22
548 604 19
548 677 30
548 740 3
548 783 19
548 824 20
548 956 10
548 1004 36
548 1146 15
548 1327 31
548 1393 14
548 2238 44
548 2958 7
548 3270 24
548 10515 20
548 12925 42
548 13041 11
548 14098 24
548 15832 23
548 16010 16
548 16217 16
589 592 22
589 604 48
589 677 17
589 740 20
589 783 36
589 824 41
589 956 21
589 1004 14
589 1146 28
589 1327 26
589 1393 23
589 2238 38
589 2958 6
589 3270 30
589 10515 22
589 12925 35
589 13041 16
589 14098 32
589 15832 12
589 16010 20
589 16217 20
592 604 24
592 677 46
592 740 16
592 783 29
592 824 34
592 956 16
592 1004 33
592 1146 18
592 1327 22
592 1393 33
592 2238 23
592 2958 15
592 3270 10
592 10515 26
592 12925 10
592 13041 10
592 14098 55
592 15832 15
592 16010 20
592 16217 18
604 677 11
604 740 35
604 783 52
604 824 21
604 956 31
604 1004 20
604 1146 33
604 1327 32
604 1393 37
604 2238 34
604 2958 10
604 3270 30
604 10515 19
604 12925 23
604 13041 10
604 14098 47
604 15832 13
604 16010 8
604 16217 4
677 740 9
677 783 16
677 824 12
677 956 4
677 1004 55
677 1146 29
677 1327 30
677 1393 25
677 2238 31
677 2958 24
677 3270 19
677 10515 17
677 12925 22
677 13041 10
677 14098 13
677 15832 12
677 16010 15
677 16217 24
740 783 17
740 824 7
740 956 6
740 1004 14
740 1146 10
740 1327 35
740 1393 27
740 2238 16
740 2958 19
740 3270 17
740 10515 7
740 12925 26
740 13041 8
740 14098 24
740 15832 10
740 16010 13
740 16217 10
783 824 27
783 956 10
783 1004 15
783 1146 18
783 1327 35
783 1393 44
783 2238 37
783 2958 16
783 3270 14
783 10515 22
783 12925 19
783 13041 12
783 14098 30
783 15832 10
783 16010 2
824 956 9
824 1004 40
824 1146 29
824 1327 42
824 1393 20
824 2238 21
824 2958 12
824 3270 26
824 10515 16
824 12925 37
824 13041 27
824 14098 31
824 15832 41
824 16010 20
824 16217 27
956 1004 23
956 1146 24
956 1327 9
956 1393 25
956 2238 21
956 2958 13
956 3270 20
956 10515 17
956 12925 15
956 13041 17
956 14098 14
956 15832 15
956 16010 22
956 16217 16
1004 1146 22
1004 1327 55
1004 1393 20
1004 2238 29
1004 2958 13
1004 3270 12
1004 10515 17
1004 12925 31
1004 13041 15
1004 14098 9
1004 15832 17
1004 16010 24
1004 16217 23
1146 1327 21
1146 1393 40
1146 2238 46
1146 2958 21
1146 3270 25
1146 10515 25
1146 12925 14
1146 13041 19
1146 14098 26
1146 15832 6
1146 16010 21
1146 16217 15
1327 1393 33
1327 2238 27
1327 2958 21
1327 3270 22
1327 10515 12
1327 13041 1
1327 14098 12
1327 15832 1
1327 16010 8
1327 16217 1
1393 2238 24
1393 2958 45
1393 3270 19
1393 10515 18
1393 12925 22
1393 13041 9
1393 14098 34
1393 15832 11
1393 16010 15
1393 16217 14
2238 2958 29
2238 3270 19
2238 10515 24
2238 12925 17
2238 13041 27
2238 14098 33
2238 15832 10
2238 16010 63
2238 16217 21
2958 3270 13
2958 10515 10
2958 12925 16
2958 13041 2
2958 14098 22
2958 15832 8
2958 16010 74
2958 16217 10
3270 10515 17
3270 12925 18
3270 13041 15
3270 14098 37
3270 15832 13
3270 16010 13
3270 16217 13
10515 12925 19
10515 13041 44
10515 14098 54
10515 15832 15
10515 16010 20
10515 16217 22
12925 13041 33
12925 14098 53
12925 15832 35
12925 16010 33
12925 16217 31
13041 14098 30
14098 15832 34
14098 16010 104
14098 16217 45
