9 19 57
9 31 9
9 32 163
9 36 30
9 37 6
9 38 124
9 39 518
9 41 232
9 48 492
9 49 11
9 60 42
9 65 84
9 76 23
9 78 14
9 79 13
9 89 64
9 101 54
9 110 6
9 117 39
9 123 15
9 147 33
9 161 20
9 170 27
9 179 17
9 185 28
9 201 29
9 208 22
9 225 33
9 237 48
9 249 21
9 255 29
9 258 28
9 264 10
9 270 20
9 271 33
9 286 11
9 301 41
9 310 57
9 338 43
9 389 12
9 413 38
9 438 11
9 475 42
9 522 22
9 533 30
9 544 33
9 548 16
9 589 22
9 592 20
9 604 42
9 677 18
9 740 17
9 783 28
9 824 27
9 846 9
9 956 13
9 976 19
9 1004 14
9 1146 22
9 1198 42
9 1327 29
9 1344 9
9 1393 25
9 1578 7
9 2238 24
19 31 8
19 32 108
19 36 17
19 37 9
19 38 80
19 39 358
19 41 137
19 48 343
19 49 7
19 60 32
19 65 44
19 76 9
19 78 11
19 79 6
19 89 42
19 101 46
19 110 10
19 117 1
19 123 18
19 147 24
19 161 8
19 170 18
19 179 11
19 185 27
19 201 14
19 208 11
19 225 19
19 237 33
19 249 13
19 255 11
19 258 20
19 264 12
19 270 9
19 271 11
19 286 4
19 301 14
19 310 40
19 338 22
19 389 5
19 413 22
19 438 14
19 475 30
19 522 12
19 533 15
19 544 21
19 548 11
19 589 10
19 592 23
19 604 20
19 677 16
19 740 7
19 783 12
19 824 12
19 846 8
19 956 6
19 976 1
19 1004 6
19 1146 8
19 1198 6
19 1327 14
19 1344 5
19 1393 8
19 1578 9
19 2238 7
31 32 112
31 36 8
31 37 14
31 38 100
31 39 342
31 41 141
31 48 290
31 49 4
31 60 15
31 65 40
31 76 14
31 78 10
31 79 20
31 89 52
31 101 22
31 110 24
31 117 5
31 123 20
31 147 11
31 161 2
31 170 17
31 179 7
31 185 16
31 201 11
31 208 9
31 225 38
31 237 60
31 249 26
31 255 18
31 258 3
31 264 15
31 270 18
31 271 31
31 286 7
31 301 4
31 310 34
31 338 8
31 389 21
31 413 10
31 438 8
31 475 21
31 522 8
31 533 17
31 544 8
31 548 12
31 589 4
31 592 2
31 604 11
31 677 10
31 740 12
31 783 6
31 824 6
31 846 11
31 956 6
31 976 6
31 1004 7
31 1146 6
31 1198 24
31 1327 35
31 1344 9
31 1393 7
31 1578 23
31 2238 17
32 36 317
32 37 113
32 38 1720
32 39 5108
32 41 2296
32 48 4812
32 49 121
32 60 182
32 65 446
32 76 96
32 78 139
32 79 231
32 89 397
32 101 251
32 110 260
32 117 138
32 123 150
32 147 233
32 161 107
32 170 339
32 179 133
32 185 192
32 201 115
32 208 100
32 225 418
32 237 334
32 249 128
32 255 192
32 258 122
32 264 81
32 270 295
32 271 301
32 286 115
32 301 160
32 310 349
32 338 148
32 389 146
32 413 139
32 438 201
32 475 286
32 522 108
32 533 181
32 544 108
32 548 156
32 589 123
32 592 170
32 604 159
32 677 150
32 740 108
32 783 139
32 824 140
32 846 115
32 956 124
32 976 96
32 1004 158
32 1146 228
32 1198 145
32 1327 273
32 1344 155
32 1393 124
32 1578 105
32 2238 210
36 37 42
36 38 1703
36 39 1242
36 41 510
36 48 860
36 49 15
36 60 23
36 65 90
36 76 10
36 78 37
36 79 48
36 89 86
36 101 43
36 110 111
36 117 23
36 123 19
36 147 34
36 161 18
36 170 127
36 179 17
36 185 26
36 201 17
36 208 13
36 225 92
36 237 88
36 249 37
36 255 34
36 258 19
36 264 44
36 270 34
36 271 54
36 286 29
36 301 30
36 310 59
36 338 18
36 389 41
36 413 23
36 438 35
36 475 37
36 522 14
36 533 25
36 544 12
36 548 6
36 589 35
36 592 24
36 604 33
36 677 14
36 740 42
36 783 31
36 824 11
36 846 22
36 956 10
36 976 23
36 1004 17
36 1146 37
36 1198 22
36 1327 56
36 1344 34
36 1393 20
36 1578 25
36 2238 41
37 38 620
37 39 412
37 41 173
37 48 356
37 49 10
37 60 4
37 65 18
37 76 15
37 78 6
37 79 12
37 89 40
37 101 20
37 110 38
37 117 8
37 123 3
37 147 26
37 161 4
37 170 30
37 179 6
37 185 7
37 201 8
37 208 5
37 225 22
37 237 30
37 249 13
37 255 13
37 258 9
37 264 10
37 270 19
37 271 11
37 286 23
37 301 11
37 310 17
37 338 10
37 389 17
37 413 6
37 438 32
37 475 16
37 522 6
37 533 9
37 544 2
37 548 13
37 589 1
37 592 13
37 604 4
37 677 6
37 740 3
37 783 3
37 824 6
37 846 8
37 956 4
37 976 4
37 1004 5
37 1146 13
37 1198 6
37 1327 16
37 1344 6
37 1393 9
37 1578 8
37 2238 14
38 39 6174
38 41 2773
38 48 4711
38 49 134
38 60 127
38 65 389
38 76 90
38 78 125
38 79 194
38 89 427
38 101 205
38 110 1543
38 117 95
38 123 120
38 147 211
38 161 118
38 170 1929
38 179 89
38 185 146
38 201 90
38 208 79
38 225 436
38 237 371
38 249 163
38 255 167
38 258 105
38 264 152
38 270 240
38 271 250
38 286 626
38 301 99
38 310 264
38 338 109
38 389 158
38 413 121
38 438 232
38 475 232
38 522 75
38 533 138
38 544 89
38 548 126
38 589 110
38 592 120
38 604 141
38 677 100
38 740 130
38 783 101
38 824 83
38 846 98
38 956 93
38 976 76
38 1004 102
38 1146 201
38 1198 88
38 1327 318
38 1344 166
38 1393 114
38 1578 111
38 2238 249
39 41 8058
39 48 17143
39 49 445
39 60 653
39 65 1645
39 76 328
39 78 455
39 79 684
39 89 1561
39 101 777
39 110 1000
39 117 379
39 123 446
39 147 687
39 161 367
39 170 1294
39 179 380
39 185 548
39 201 407
39 208 326
39 225 1470
39 237 1122
39 249 424
39 255 658
39 258 393
39 264 371
39 270 747
39 271 897
39 286 389
39 301 432
39 310 1152
39 338 425
39 389 415
39 413 473
39 438 750
39 475 921
39 522 380
39 533 549
39 544 378
39 548 389
39 589 426
39 592 476
39 604 529
39 677 398
39 740 458
39 783 434
39 824 343
39 846 302
39 956 345
39 976 296
39 1004 334
39 1146 688
39 1198 399
39 1327 1054
39 1344 441
39 1393 425
39 1578 370
39 2238 811
41 48 6300
41 49 151
41 60 229
41 65 709
41 76 160
41 78 137
41 79 360
41 89 463
41 101 335
41 110 457
41 117 216
41 123 168
41 147 320
41 161 142
41 170 601
41 179 154
41 185 209
41 201 181
41 208 210
41 225 663
41 237 403
41 249 178
41 255 254
41 258 177
41 264 153
41 270 375
41 271 421
41 286 175
41 301 177
41 310 514
41 338 177
41 389 147
41 413 189
41 438 296
41 475 428
41 522 150
41 533 230
41 544 160
41 548 164
41 589 152
41 592 235
41 604 238
41 677 169
41 740 149
41 783 180
41 824 204
41 846 180
41 956 158
41 976 140
41 1004 132
41 1146 412
41 1198 214
41 1327 450
41 1344 253
41 1393 156
41 1578 126
41 2238 412
48 49 491
48 60 530
48 65 1484
48 76 294
48 78 467
48 79 540
48 89 1571
48 101 738
48 110 768
48 117 419
48 123 476
48 147 626
48 161 303
48 170 954
48 179 355
48 185 529
48 201 414
48 208 330
48 225 1062
48 237 961
48 249 374
48 255 661
48 258 400
48 264 323
48 270 598
48 271 674
48 286 322
48 301 384
48 310 1028
48 338 445
48 389 320
48 413 446
48 438 616
48 475 880
48 522 327
48 533 498
48 544 356
48 548 380
48 589 352
48 592 482
48 604 464
48 677 387
48 740 291
48 783 397
48 824 333
48 846 273
48 956 313
48 976 291
48 1004 342
48 1146 565
48 1198 367
48 1327 874
48 1344 381
48 1393 357
48 1578 294
48 2238 575
49 60 6
49 65 42
49 76 5
49 78 16
49 79 10
49 89 9
49 101 29
49 110 27
49 117 9
49 123 24
49 147 14
49 161 14
49 170 22
49 179 17
49 185 15
49 201 20
49 208 8
49 225 35
49 237 24
49 249 9
49 255 15
49 258 19
49 264 9
49 270 27
49 271 16
49 286 9
49 301 14
49 310 32
49 338 18
49 389 9
49 413 14
49 438 22
49 475 37
49 522 11
49 533 14
49 544 16
49 548 11
49 589 16
49 592 19
49 604 16
49 677 16
49 740 12
49 783 8
49 824 11
49 846 17
49 956 5
49 976 7
49 1004 14
49 1146 12
49 1198 8
49 1327 30
49 1344 7
49 1393 10
49 1578 7
49 2238 17
60 65 105
60 76 21
60 78 15
60 79 18
60 89 99
60 101 8
60 110 25
60 117 20
60 123 25
60 147 27
60 161 23
60 170 21
60 179 3
60 185 30
60 201 28
60 208 17
60 225 44
60 237 56
60 249 21
60 255 35
60 258 25
60 264 17
60 270 24
60 271 23
60 286 9
60 301 60
60 310 83
60 338 1
60 389 13
60 413 43
60 438 25
60 475 28
60 522 22
60 533 25
60 544 31
60 548 14
60 589 33
60 592 22
60 604 85
60 677 17
60 740 18
60 783 38
60 824 11
60 846 8
60 956 6
60 976 19
60 1004 15
60 1146 26
60 1198 40
60 1327 26
60 1344 17
60 1393 18
60 1578 11
60 2238 25
65 76 59
65 78 41
65 79 61
65 89 177
65 101 132
65 110 49
65 117 73
65 123 55
65 147 92
65 161 42
65 170 69
65 179 48
65 185 43
65 201 105
65 208 38
65 225 134
65 237 109
65 249 62
65 255 82
65 258 55
65 264 50
65 270 53
65 271 112
65 286 21
65 301 95
65 310 135
65 338 67
65 389 36
65 413 83
65 438 57
65 475 99
65 522 42
65 533 50
65 544 47
65 548 61
65 589 65
65 592 67
65 604 84
65 677 41
65 740 29
65 783 80
65 824 56
65 846 36
65 956 44
65 976 56
65 1004 44
65 1146 64
65 1198 53
65 1327 124
65 1344 37
65 1393 53
65 1578 34
65 2238 70
76 78 10
76 79 14
76 89 28
76 101 29
76 110 11
76 117 15
76 123 13
76 147 9
76 161 9
76 170 12
76 179 3
76 185 25
76 201 18
76 208 14
76 225 42
76 237 19
76 249 10
76 255 7
76 258 6
76 264 5
76 270 20
76 271 24
76 286 9
76 301 16
76 310 32
76 338 9
76 389 4
76 413 18
76 438 13
76 475 20
76 522 12
76 533 14
76 544 14
76 548 14
76 589 13
76 592 12
76 604 19
76 677 12
76 740 10
76 783 13
76 824 6
76 846 6
76 956 4
76 976 10
76 1004 10
76 1146 22
76 1198 25
76 1327 19
76 1344 14
76 1393 12
76 1578 12
76 2238 23
78 79 16
78 89 74
78 101 18
78 110 14
78 117 13
78 123 11
78 147 18
78 161 10
78 170 27
78 179 14
78 185 16
78 201 5
78 208 7
78 225 30
78 237 41
78 249 8
78 255 10
78 258 8
78 264 10
78 270 14
78 271 11
78 286 4
78 301 8
78 310 32
78 338 7
78 389 5
78 413 13
78 438 17
78 475 26
78 522 3
78 533 17
78 544 13
78 548 9
78 589 5
78 592 11
78 604 15
78 677 8
78 740 3
78 783 14
78 824 11
78 846 3
78 956 10
78 976 14
78 1004 3
78 1146 28
78 1198 7
78 1327 19
78 1344 7
78 1393 18
78 1578 3
78 2238 18
79 89 45
79 101 37
79 110 25
79 117 12
79 123 11
79 147 25
79 161 16
79 170 47
79 179 14
79 185 35
79 201 20
79 208 12
79 225 95
79 237 33
79 249 19
79 255 19
79 258 17
79 264 7
79 270 38
79 271 43
79 286 6
79 301 14
79 310 41
79 338 12
79 389 22
79 413 15
79 438 25
79 475 51
79 522 15
79 533 19
79 544 12
79 548 16
79 589 11
79 592 19
79 604 21
79 677 13
79 740 7
79 783 21
79 824 11
79 846 12
79 956 6
79 976 16
79 1004 25
79 1146 52
79 1198 22
79 1327 32
79 1344 19
79 1393 12
79 1578 10
79 2238 51
89 101 107
89 110 54
89 117 46
89 123 46
89 147 72
89 161 40
89 170 99
89 179 38
89 185 64
89 201 67
89 208 39
89 225 108
89 237 136
89 249 55
89 255 58
89 258 53
89 264 51
89 270 45
89 271 58
89 286 27
89 301 44
89 310 144
89 338 61
89 389 36
89 413 47
89 438 47
89 475 80
89 522 30
89 533 74
89 544 46
89 548 29
89 589 52
89 592 86
89 604 53
89 677 30
89 740 37
89 783 56
89 824 30
89 846 19
89 956 40
89 976 27
89 1004 28
89 1146 41
89 1198 57
89 1327 79
89 1344 31
89 1393 59
89 1578 28
89 2238 54
101 110 19
101 117 30
101 123 25
101 147 74
101 161 12
101 170 50
101 179 14
101 185 50
101 201 63
101 208 31
101 225 53
101 237 74
101 249 24
101 255 65
101 258 28
101 264 18
101 270 28
101 271 47
101 286 9
101 301 78
101 310 72
101 338 16
101 389 18
101 413 76
101 438 15
101 475 63
101 522 40
101 533 41
101 544 49
101 548 23
101 589 31
101 592 22
101 604 67
101 677 34
101 740 26
101 783 38
101 824 62
101 846 32
101 956 24
101 976 24
101 1004 23
101 1146 23
101 1198 30
101 1327 50
101 1344 14
101 1393 24
101 1578 15
101 2238 42
110 117 5
110 123 14
110 147 23
110 161 30
110 170 107
110 179 7
110 185 18
110 201 7
110 208 6
110 225 63
110 237 51
110 249 27
110 255 25
110 258 19
110 264 29
110 270 42
110 271 40
110 286 32
110 301 5
110 310 37
110 338 11
110 389 24
110 413 11
110 438 23
110 475 31
110 522 12
110 533 21
110 544 18
110 548 41
110 589 16
110 592 17
110 604 16
110 677 8
110 740 6
110 783 10
110 824 7
110 846 4
110 956 12
110 976 5
110 1004 23
110 1146 30
110 1198 10
110 1327 58
110 1344 11
110 1393 11
110 1578 10
110 2238 35
117 123 15
117 147 26
117 161 16
117 170 22
117 179 12
117 185 25
117 201 19
117 208 25
117 225 38
117 237 31
117 249 13
117 255 16
117 258 16
117 264 5
117 270 16
117 271 24
117 286 11
117 301 23
117 310 41
117 338 28
117 389 3
117 413 26
117 438 10
117 475 37
117 522 11
117 533 29
117 544 11
117 548 7
117 589 15
117 592 23
117 604 21
117 677 12
117 740 24
117 783 17
117 824 19
117 846 19
117 956 13
117 976 224
117 1004 12
117 1146 22
117 1198 36
117 1327 19
117 1344 17
117 1393 13
117 1578 8
117 2238 18
123 147 39
123 161 8
123 170 21
123 179 12
123 185 22
123 201 22
123 208 8
123 225 33
123 237 37
123 249 3
123 255 16
123 258 11
123 264 15
123 270 16
123 271 17
123 286 7
123 301 15
123 310 52
123 338 32
123 389 9
123 413 19
123 438 21
123 475 35
123 522 23
123 533 14
123 544 18
123 548 16
123 589 16
123 592 30
123 604 13
123 677 25
123 740 5
123 783 16
123 824 22
123 846 15
123 956 10
123 976 18
123 1004 13
123 1146 5
123 1198 16
123 1327 29
123 1344 15
123 1393 18
123 1578 6
123 2238 14
147 161 7
147 170 41
147 179 94
147 185 35
147 201 36
147 208 25
147 225 53
147 237 59
147 249 8
147 255 26
147 258 7
147 264 10
147 270 41
147 271 39
147 286 21
147 301 4
147 310 53
147 338 48
147 389 19
147 413 45
147 438 24
147 475 66
147 522 12
147 533 27
147 544 10
147 548 29
147 589 16
147 592 43
147 604 18
147 677 4
147 740 18
147 783 18
147 824 13
147 846 12
147 956 4
147 976 11
147 1004 27
147 1146 17
147 1198 30
147 1327 42
147 1344 26
147 1393 19
147 1578 29
147 2238 36
161 170 19
161 179 14
161 185 4
161 201 14
161 208 8
161 225 24
161 237 26
161 249 15
161 255 20
161 258 4
161 264 5
161 270 19
161 271 18
161 286 2
161 301 12
161 310 24
161 338 22
161 389 7
161 413 7
161 438 25
161 475 21
161 522 3
161 533 13
161 544 15
161 548 8
161 589 4
161 592 5
161 604 23
161 677 7
161 740 2
161 783 14
161 824 5
161 846 2
161 976 12
161 1004 5
161 1146 17
161 1198 16
161 1327 25
161 1344 16
161 1393 5
161 1578 2
161 2238 8
170 179 18
170 185 35
170 201 22
170 208 17
170 225 79
170 237 85
170 249 32
170 255 36
170 258 18
170 264 46
170 270 49
170 271 40
170 286 34
170 301 22
170 310 64
170 338 26
170 389 30
170 413 28
170 438 65
170 475 42
170 522 13
170 533 21
170 544 26
170 548 21
170 589 19
170 592 19
170 604 19
170 677 19
170 740 23
170 783 16
170 824 18
170 846 19
170 956 25
170 976 22
170 1004 16
170 1146 39
170 1198 20
170 1327 68
170 1344 32
170 1393 30
170 1578 27
170 2238 45
179 185 16
179 201 11
179 208 13
179 225 25
179 237 15
179 249 11
179 255 24
179 258 24
179 264 6
179 270 16
179 271 15
179 286 8
179 301 67
179 310 23
179 338 2
179 389 8
179 413 14
179 438 22
179 475 27
179 522 7
179 533 18
179 544 8
179 548 17
179 589 11
179 592 16
179 604 19
179 677 5
179 740 6
179 783 15
179 824 42
179 846 15
179 956 16
179 976 14
179 1004 10
179 1146 9
179 1198 12
179 1327 34
179 1344 11
179 1393 12
179 1578 16
179 2238 12
185 201 35
185 208 19
185 225 37
185 237 47
185 249 24
185 255 22
185 258 23
185 264 17
185 270 29
185 271 32
185 286 5
185 301 21
185 310 58
185 338 29
185 389 14
185 413 40
185 438 18
185 475 39
185 522 16
185 533 15
185 544 20
185 548 24
185 589 27
185 592 23
185 604 39
185 677 15
185 740 9
185 783 22
185 824 21
185 846 5
185 956 24
185 976 22
185 1004 16
185 1146 22
185 1198 24
185 1327 39
185 1344 13
185 1393 23
185 1578 13
185 2238 18
201 208 32
201 225 25
201 237 27
201 249 21
201 255 34
201 258 18
201 264 6
201 270 12
201 271 22
201 286 6
201 301 24
201 310 46
201 338 35
201 389 6
201 413 24
201 438 21
201 475 36
201 522 24
201 533 20
201 544 17
201 548 17
201 589 19
201 592 20
201 604 28
201 677 19
201 740 8
201 783 22
201 824 24
201 846 8
201 956 24
201 976 16
201 1004 18
201 1146 27
201 1198 20
201 1327 40
201 1344 11
201 1393 21
201 1578 8
201 2238 17
208 225 37
208 237 1
208 249 6
208 255 18
208 258 14
208 264 5
208 270 19
208 271 8
208 286 2
208 301 20
208 310 27
208 338 18
208 389 6
208 413 15
208 438 11
208 475 33
208 522 14
208 533 12
208 544 14
208 548 15
208 589 19
208 592 19
208 604 19
208 677 15
208 740 10
208 783 13
208 824 20
208 846 9
208 956 14
208 976 11
208 1004 2
208 1146 15
208 1198 20
208 1327 25
208 1344 4
208 1393 7
208 1578 8
208 2238 16
225 237 96
225 249 34
225 255 39
225 258 18
225 264 33
225 270 185
225 271 238
225 286 22
225 301 36
225 310 107
225 338 22
225 389 61
225 413 38
225 438 38
225 475 59
225 522 16
225 533 39
225 544 25
225 548 41
225 589 30
225 592 26
225 604 43
225 677 23
225 740 38
225 783 49
225 824 16
225 846 29
225 956 22
225 976 36
225 1004 25
225 1146 91
225 1198 29
225 1327 58
225 1344 35
225 1393 22
225 1578 31
225 2238 258
237 249 101
237 255 53
237 258 50
237 264 33
237 270 41
237 271 35
237 286 27
237 301 44
237 310 121
237 338 40
237 389 18
237 413 40
237 438 56
237 475 104
237 522 30
237 533 44
237 544 24
237 548 28
237 589 36
237 592 38
237 604 35
237 677 18
237 740 33
237 783 50
237 824 19
237 846 21
237 956 11
237 976 26
237 1004 12
237 1146 35
237 1198 32
237 1327 52
237 1344 35
237 1393 40
237 1578 39
237 2238 27
249 255 16
249 258 8
249 264 19
249 270 25
249 271 32
249 286 9
249 301 10
249 310 47
249 338 9
249 389 5
249 413 18
249 438 9
249 475 37
249 522 10
249 533 17
249 544 9
249 548 13
249 589 12
249 592 19
249 604 24
249 677 5
249 740 18
249 783 14
249 824 9
249 846 6
249 956 6
249 976 9
249 1004 13
249 1146 7
249 1198 13
249 1327 31
249 1344 21
249 1393 16
249 1578 15
249 2238 13
255 258 11
255 264 13
255 270 14
255 271 37
255 286 9
255 301 18
255 310 57
255 338 23
255 389 19
255 413 27
255 438 23
255 475 28
255 522 17
255 533 23
255 544 13
255 548 18
255 589 27
255 592 22
255 604 36
255 677 20
255 740 19
255 783 16
255 824 14
255 846 21
255 956 15
255 976 10
255 1004 14
255 1146 20
255 1198 17
255 1327 33
255 1344 7
255 1393 16
255 1578 13
255 2238 25
258 264 17
258 270 15
258 271 11
258 286 11
258 301 2
258 310 19
258 338 42
258 389 16
258 413 27
258 438 10
258 475 32
258 522 14
258 533 20
258 544 25
258 548 20
258 589 8
258 592 11
258 604 15
258 740 10
258 783 18
258 824 3
258 846 6
258 956 4
258 976 8
258 1004 28
258 1146 5
258 1198 8
258 1327 10
258 1344 24
258 1393 11
258 1578 2
258 2238 20
264 270 16
264 271 16
264 286 8
264 301 16
264 310 29
264 338 10
264 389 8
264 413 11
264 438 20
264 475 17
264 522 7
264 533 6
264 544 9
264 548 16
264 589 10
264 592 11
264 604 12
264 677 13
264 740 8
264 783 9
264 824 7
264 846 9
264 956 7
264 976 4
264 1004 11
264 1146 8
264 1198 13
264 1327 18
264 1344 8
264 1393 10
264 1578 12
264 2238 17
270 271 416
270 286 19
270 301 17
270 310 44
270 338 13
270 389 50
270 413 24
270 438 42
270 475 42
270 522 14
270 533 25
270 544 18
270 548 31
270 589 11
270 592 18
270 604 7
270 677 17
270 740 5
270 783 17
270 824 9
270 846 8
270 956 19
270 976 12
270 1004 23
270 1146 28
270 1198 13
270 1327 30
270 1344 23
270 1393 14
270 1578 22
270 2238 175
271 286 9
271 301 20
271 310 50
271 338 22
271 389 60
271 413 30
271 438 21
271 475 38
271 522 10
271 533 29
271 544 20
271 548 34
271 589 15
271 592 20
271 604 27
271 677 15
271 740 14
271 783 27
271 824 13
271 846 11
271 956 9
271 976 20
271 1004 26
271 1146 32
271 1198 13
271 1327 43
271 1344 11
271 1393 11
271 1578 12
271 2238 179
286 301 7
286 310 11
286 338 7
286 389 10
286 413 9
286 438 13
286 475 19
286 522 5
286 533 6
286 544 7
286 548 8
286 589 5
286 592 6
286 604 7
286 677 6
286 740 2
286 783 4
286 824 2
286 846 6
286 956 3
286 976 5
286 1004 1
286 1146 9
286 1198 5
286 1327 19
286 1344 12
286 1393 12
286 1578 5
286 2238 10
301 310 44
301 338 10
301 389 8
301 413 22
301 438 17
301 475 29
301 522 17
301 533 13
301 544 15
301 548 14
301 589 22
301 592 30
301 604 39
301 677 2
301 740 15
301 783 33
301 824 6
301 846 6
301 956 2
301 976 15
301 1004 10
301 1146 12
301 1198 7
301 1327 40
301 1344 12
301 1393 10
301 1578 1
301 2238 16
310 338 32
310 389 31
310 413 38
310 438 30
310 475 12
310 522 49
310 533 37
310 544 26
310 548 31
310 589 34
310 592 37
310 604 60
310 677 13
310 740 26
310 783 38
310 824 23
310 846 15
310 956 26
310 976 30
310 1004 25
310 1146 84
310 1198 52
310 1327 72
310 1344 34
310 1393 34
310 1578 19
310 2238 56
338 389 7
338 413 26
338 438 11
338 475 56
338 522 20
338 533 37
338 544 27
338 548 16
338 589 18
338 592 24
338 604 20
338 677 28
338 740 7
338 783 22
338 824 34
338 846 14
338 956 23
338 976 14
338 1004 17
338 1146 13
338 1198 20
338 1327 14
338 1344 14
338 1393 16
338 1578 8
338 2238 19
389 413 11
389 438 15
389 475 18
389 522 7
389 533 10
389 544 5
389 548 12
389 589 7
389 592 4
389 604 10
389 677 5
389 740 5
389 783 10
389 824 5
389 846 6
389 956 7
389 976 6
389 1004 9
389 1146 17
389 1198 16
389 1327 8
389 1344 11
389 1393 3
389 1578 5
389 2238 32
413 438 11
413 475 36
413 522 11
413 533 17
413 544 24
413 548 18
413 589 11
413 592 10
413 604 32
413 677 15
413 740 9
413 783 17
413 824 22
413 846 9
413 956 19
413 976 12
413 1004 45
413 1146 8
413 1198 14
413 1327 29
413 1344 12
413 1393 14
413 1578 9
413 2238 23
438 475 38
438 522 13
438 533 13
438 544 12
438 548 18
438 589 21
438 592 19
438 604 14
438 677 18
438 740 21
438 783 15
438 824 14
438 846 1
438 956 5
438 976 18
438 1004 13
438 1146 8
438 1198 17
438 1327 17
438 1344 5
438 1393 19
438 1578 7
438 2238 21
475 522 45
475 533 42
475 544 37
475 548 18
475 589 15
475 592 41
475 604 32
475 677 41
475 740 20
475 783 20
475 824 30
475 846 14
475 956 36
475 976 26
475 1004 34
475 1146 46
475 1198 17
475 1327 45
475 1344 19
475 1393 33
475 1578 21
475 2238 21
522 533 14
522 544 27
522 548 8
522 589 17
522 592 12
522 604 28
522 677 14
522 740 7
522 783 8
522 824 13
522 846 10
522 956 11
522 976 6
522 1004 16
522 1146 13
522 1198 13
522 1327 18
522 1344 15
522 1393 13
522 1578 7
522 2238 15
533 544 25
533 548 13
533 589 22
533 592 23
533 604 26
533 677 21
533 740 18
533 783 26
533 824 19
533 846 13
533 956 26
533 976 14
533 1004 15
533 1146 25
533 1327 44
533 1344 8
533 1393 16
533 1578 17
533 2238 23
544 548 6
544 589 10
544 592 13
544 604 22
544 677 13
544 740 9
544 783 11
544 824 9
544 846 7
544 956 11
544 976 8
544 1004 11
544 1146 13
544 1198 12
544 1327 17
544 1344 11
544 1393 16
544 1578 5
544 2238 11
548 589 14
548 592 11
548 604 13
548 677 13
548 783 13
548 824 9
548 846 4
548 956 5
548 976 13
548 1004 21
548 1146 10
548 1198 10
548 1327 28
548 1344 25
548 1393 7
548 1578 4
548 2238 31
589 592 14
589 604 31
589 677 8
589 740 9
589 783 27
589 824 15
589 846 13
589 956 9
589 976 14
589 1004 5
589 1146 19
589 1198 23
589 1327 23
589 1344 7
589 1393 11
589 1578 5
589 2238 25
592 604 19
592 677 30
592 740 11
592 783 24
592 824 21
592 846 15
592 956 12
592 976 17
592 1004 23
592 1146 14
592 1198 33
592 1327 22
592 1344 18
592 1393 26
592 1578 19
592 2238 14
604 677 7
604 740 26
604 783 44
604 824 14
604 846 14
604 956 18
604 976 22
604 1004 15
604 1146 27
604 1198 33
604 1327 31
604 1344 13
604 1393 22
604 1578 6
604 2238 27
677 740 4
677 783 11
677 824 2
677 846 5
677 956 3
677 976 10
677 1004 33
677 1146 17
677 1198 9
677 1327 26
677 1344 9
677 1393 10
677 1578 12
677 2238 18
740 783 10
740 824 2
740 846 16
740 956 4
740 976 11
740 1004 8
740 1146 7
740 1198 10
740 1327 34
740 1344 9
740 1393 18
740 1578 4
740 2238 11
783 824 15
783 846 6
783 956 5
783 976 22
783 1004 12
783 1146 11
783 1198 17
783 1327 32
783 1344 13
783 1393 16
783 1578 10
783 2238 24
824 846 21
824 956 5
824 976 9
824 1004 20
824 1146 12
824 1198 13
824 1327 35
824 1344 10
824 1393 10
824 1578 13
824 2238 9
846 956 9
846 976 13
846 1004 18
846 1146 13
846 1198 20
846 1327 33
846 1344 26
846 1393 12
846 1578 2
846 2238 15
956 976 9
956 1004 13
956 1146 16
956 1198 6
956 1327 9
956 1344 13
956 1393 13
956 1578 2
956 2238 13
976 1004 12
976 1146 26
976 1198 18
976 1327 13
976 1344 13
976 1393 13
976 1578 7
976 2238 14
1004 1146 13
1004 1198 7
1004 1327 45
1004 1344 7
1004 1393 7
1004 1578 9
1004 2238 19
1146 1198 25
1146 1327 20
1146 1344 19
1146 1393 29
1146 1578 15
1146 2238 37
1198 1327 40
1198 1344 14
1198 1393 21
1198 1578 6
1198 2238 12
1327 1344 24
1327 1393 26
1327 1578 4
1327 2238 25
1344 1393 10
1344 1578 7
1344 2238 14
1393 1578 19
1393 2238 13
1578 2238 15
