9 19 38
9 31 7
9 32 118
9 36 18
9 37 5
9 38 92
9 39 358
9 41 213
9 48 351
9 49 6
9 60 28
9 65 56
9 78 8
9 79 10
9 89 31
9 101 26
9 110 5
9 117 29
9 123 9
9 147 22
9 156 10
9 161 14
9 170 21
9 179 13
9 185 22
9 201 21
9 208 20
9 225 16
9 237 31
9 249 14
9 255 21
9 258 21
9 264 8
9 270 12
9 271 22
9 286 7
9 301 25
9 310 41
9 338 33
9 352 29
9 413 19
9 432 18
9 438 9
9 475 31
9 522 14
9 533 18
9 544 21
9 548 10
9 589 16
9 592 11
9 604 34
9 677 11
9 740 15
9 783 19
9 824 22
9 846 5
9 855 9
9 956 11
9 976 14
9 1004 9
9 1121 23
9 1146 21
9 1198 35
9 1327 24
9 1344 8
9 1393 16
9 1578 6
9 1659 3
9 1715 3
9 1859 21
9 2238 12
19 31 4
19 32 72
19 36 9
19 37 6
19 38 46
19 39 211
19 41 122
19 48 202
19 49 2
19 60 14
19 65 24
19 78 2
19 79 3
19 89 23
19 101 23
19 110 8
19 123 11
19 147 16
19 156 7
19 161 5
19 170 10
19 179 4
19 185 16
19 201 9
19 208 7
19 225 8
19 237 19
19 249 7
19 255 6
19 258 11
19 264 7
19 270 6
19 271 5
19 301 6
19 310 22
19 338 12
19 352 8
19 413 9
19 432 9
19 438 7
19 475 18
19 522 9
19 533 11
19 544 12
19 548 6
19 589 9
19 592 16
19 604 12
19 677 11
19 740 4
19 783 6
19 824 7
19 846 6
19 855 5
19 956 4
19 976 1
19 1004 2
19 1121 7
19 1146 7
19 1198 4
19 1327 12
19 1344 5
19 1393 3
19 1578 5
19 1659 3
19 1715 1
19 1859 5
19 2238 3
31 32 69
31 36 5
31 37 12
31 38 66
31 39 221
31 41 135
31 48 200
31 49 4
31 60 9
31 65 26
31 78 7
31 79 13
31 89 30
31 101 12
31 110 14
31 117 5
31 123 15
31 147 9
31 156 5
31 161 2
31 170 9
31 179 4
31 185 9
31 201 7
31 208 8
31 225 20
31 237 39
31 249 20
31 255 14
31 258 3
31 264 8
31 270 8
31 271 19
31 286 4
31 301 2
31 310 23
31 338 5
31 352 8
31 413 4
31 432 4
31 438 7
31 475 15
31 522 6
31 533 9
31 544 6
31 548 6
31 589 4
31 592 2
31 604 10
31 677 7
31 740 6
31 783 4
31 824 6
31 846 11
31 855 2
31 956 5
31 976 6
31 1004 3
31 1121 5
31 1146 5
31 1198 18
31 1327 29
31 1344 7
31 1393 6
31 1578 13
31 1659 1
31 1715 4
31 1859 5
31 2238 11
32 36 204
32 37 73
32 38 1159
32 39 3500
32 41 2127
32 48 3324
32 49 74
32 60 133
32 65 308
32 78 80
32 79 144
32 89 221
32 101 172
32 110 167
32 117 103
32 123 105
32 147 160
32 156 62
32 161 74
32 170 248
32 179 92
32 185 128
32 201 76
32 208 95
32 225 271
32 237 223
32 249 97
32 255 133
32 258 81
32 264 55
32 270 193
32 271 197
32 286 78
32 301 106
32 310 245
32 338 110
32 352 117
32 413 80
32 432 67
32 438 153
32 475 217
32 522 86
32 533 128
32 544 73
32 548 97
32 589 89
32 592 122
32 604 125
32 677 102
32 740 79
32 783 96
32 824 120
32 846 92
32 855 70
32 956 89
32 976 78
32 1004 106
32 1121 77
32 1146 191
32 1198 117
32 1327 225
32 1344 126
32 1393 88
32 1578 66
32 1659 79
32 1715 99
32 1859 100
32 2238 140
36 37 26
36 38 1091
36 39 774
36 41 468
36 48 533
36 49 10
36 60 19
36 65 52
36 78 20
36 79 27
36 89 38
36 101 26
36 110 62
36 117 18
36 123 16
36 147 26
36 156 15
36 161 15
36 170 84
36 179 15
36 185 13
36 201 13
36 208 13
36 225 49
36 237 56
36 249 27
36 255 25
36 258 12
36 264 27
36 270 17
36 271 29
36 286 21
36 301 18
36 310 37
36 338 13
36 352 5
36 413 13
36 432 14
36 438 28
36 475 25
36 522 10
36 533 20
36 544 8
36 548 2
36 589 18
36 592 13
36 604 19
36 677 9
36 740 30
36 783 19
36 824 7
36 846 19
36 855 19
36 956 6
36 976 16
36 1004 12
36 1121 13
36 1146 30
36 1198 16
36 1327 46
36 1344 30
36 1393 13
36 1578 20
36 1659 17
36 1715 12
36 1859 12
36 2238 29
37 38 415
37 39 269
37 41 157
37 48 246
37 49 5
37 60 3
37 65 13
37 78 4
37 79 9
37 89 28
37 101 14
37 110 22
37 117 6
37 123 3
37 147 16
37 156 8
37 161 4
37 170 16
37 179 2
37 185 4
37 201 6
37 208 5
37 225 14
37 237 23
37 249 9
37 255 7
37 258 6
37 264 9
37 270 10
37 271 5
37 286 12
37 301 7
37 310 13
37 338 7
37 352 1
37 413 4
37 432 4
37 438 21
37 475 10
37 522 4
37 533 4
37 544 2
37 548 4
37 592 8
37 604 4
37 677 2
37 740 2
37 783 2
37 824 6
37 846 6
37 855 4
37 956 2
37 976 3
37 1004 3
37 1121 1
37 1146 11
37 1198 6
37 1327 13
37 1344 6
37 1393 4
37 1578 5
37 1715 4
37 1859 3
37 2238 10
38 39 4054
38 41 2552
38 48 3109
38 49 75
38 60 88
38 65 248
38 78 77
38 79 125
38 89 239
38 101 130
38 110 980
38 117 70
38 123 80
38 147 136
38 156 86
38 161 78
38 170 1344
38 179 61
38 185 83
38 201 60
38 208 73
38 225 267
38 237 239
38 249 114
38 255 129
38 258 71
38 264 97
38 270 124
38 271 136
38 286 416
38 301 62
38 310 180
38 338 79
38 352 53
38 413 73
38 432 53
38 438 172
38 475 155
38 522 57
38 533 92
38 544 57
38 548 75
38 589 66
38 592 77
38 604 108
38 677 59
38 740 89
38 783 60
38 824 63
38 846 81
38 855 92
38 956 68
38 976 59
38 1004 68
38 1121 76
38 1146 161
38 1198 70
38 1327 272
38 1344 142
38 1393 81
38 1578 75
38 1659 53
38 1715 52
38 1859 56
38 2238 174
39 41 7428
39 48 11397
39 49 274
39 60 440
39 65 1042
39 78 267
39 79 447
39 89 880
39 101 487
39 110 637
39 117 291
39 123 277
39 147 433
39 156 241
39 161 243
39 170 903
39 179 255
39 185 335
39 201 268
39 208 304
39 225 902
39 237 727
39 249 292
39 255 482
39 258 267
39 264 249
39 270 427
39 271 525
39 286 253
39 301 269
39 310 793
39 338 284
39 352 224
39 413 270
39 432 252
39 438 566
39 475 651
39 522 281
39 533 378
39 544 261
39 548 240
39 589 288
39 592 343
39 604 413
39 677 281
39 740 292
39 783 293
39 824 289
39 846 250
39 855 250
39 956 228
39 976 214
39 1004 223
39 1121 249
39 1146 531
39 1198 317
39 1327 894
39 1344 375
39 1393 283
39 1578 242
39 1659 246
39 1715 213
39 1859 218
39 2238 538
41 48 5797
41 49 124
41 60 212
41 65 650
41 78 124
41 79 332
41 89 436
41 101 308
41 110 420
41 117 204
41 123 152
41 147 291
41 156 115
41 161 129
41 170 557
41 179 145
41 185 198
41 201 164
41 208 193
41 225 601
41 237 375
41 249 165
41 255 230
41 258 170
41 264 144
41 270 340
41 271 381
41 286 164
41 301 166
41 310 467
41 338 162
41 352 170
41 413 153
41 432 112
41 438 279
41 475 399
41 522 142
41 533 212
41 544 156
41 548 152
41 589 140
41 592 225
41 604 223
41 677 156
41 740 137
41 783 166
41 824 191
41 846 165
41 855 147
41 956 143
41 976 133
41 1004 123
41 1121 138
41 1146 381
41 1198 190
41 1327 420
41 1344 236
41 1393 147
41 1578 115
41 1659 123
41 1715 132
41 1859 156
41 2238 373
48 49 297
48 60 357
48 65 960
48 78 268
48 79 364
48 89 888
48 101 478
48 110 486
48 117 323
48 123 303
48 147 412
48 156 197
48 161 197
48 170 656
48 179 240
48 185 321
48 201 287
48 208 299
48 225 673
48 237 630
48 249 268
48 255 473
48 258 265
48 264 216
48 270 346
48 271 390
48 286 206
48 301 249
48 310 700
48 338 299
48 352 246
48 413 249
48 432 220
48 438 459
48 475 634
48 522 243
48 533 346
48 544 238
48 548 240
48 589 251
48 592 345
48 604 361
48 677 267
48 740 190
48 783 285
48 824 282
48 846 218
48 855 242
48 956 211
48 976 217
48 1004 240
48 1121 239
48 1146 434
48 1198 287
48 1327 738
48 1344 325
48 1393 249
48 1578 190
48 1659 213
48 1715 206
48 1859 210
48 2238 397
49 60 4
49 65 24
49 78 9
49 79 3
49 89 3
49 101 14
49 110 17
49 117 7
49 123 16
49 147 3
49 156 5
49 161 8
49 170 12
49 179 10
49 185 10
49 201 13
49 208 6
49 225 18
49 237 17
49 249 6
49 255 10
49 258 12
49 264 6
49 270 12
49 271 8
49 286 4
49 301 7
49 310 21
49 338 9
49 352 3
49 413 7
49 432 6
49 438 15
49 475 21
49 522 6
49 533 11
49 544 11
49 548 7
49 589 6
49 592 8
49 604 9
49 677 9
49 740 9
49 783 5
49 824 8
49 846 11
49 855 12
49 956 3
49 976 3
49 1004 10
49 1146 9
49 1198 5
49 1327 22
49 1344 4
49 1393 4
49 1578 3
49 1659 5
49 1715 2
49 1859 4
49 2238 9
60 65 58
60 78 6
60 79 9
60 89 63
60 101 8
60 110 18
60 117 16
60 123 20
60 147 21
60 156 10
60 161 15
60 170 13
60 179 1
60 185 21
60 201 25
60 208 15
60 225 21
60 237 35
60 249 14
60 255 29
60 258 19
60 264 12
60 270 12
60 271 11
60 286 5
60 301 36
60 310 57
60 338 1
60 352 18
60 413 26
60 432 23
60 438 21
60 475 20
60 522 17
60 533 17
60 544 26
60 548 6
60 589 25
60 592 17
60 604 76
60 677 11
60 740 12
60 783 29
60 824 10
60 846 6
60 855 2
60 956 6
60 976 12
60 1004 10
60 1121 30
60 1146 21
60 1198 35
60 1327 19
60 1344 12
60 1393 14
60 1578 8
60 1659 5
60 1715 26
60 1859 15
60 2238 19
65 78 27
65 79 34
65 89 101
65 101 83
65 110 30
65 117 60
65 123 24
65 147 61
65 156 28
65 161 28
65 170 51
65 179 29
65 185 28
65 201 64
65 208 36
65 225 80
65 237 69
65 249 37
65 255 63
65 258 44
65 264 32
65 270 31
65 271 73
65 286 13
65 301 57
65 310 91
65 338 46
65 352 32
65 413 45
65 432 33
65 438 36
65 475 70
65 522 34
65 533 31
65 544 30
65 548 40
65 589 40
65 592 45
65 604 60
65 677 25
65 740 17
65 783 55
65 824 43
65 846 31
65 855 16
65 956 31
65 976 39
65 1004 27
65 1121 38
65 1146 47
65 1198 42
65 1327 102
65 1344 29
65 1393 36
65 1578 24
65 1659 14
65 1715 23
65 1859 45
65 2238 46
78 79 8
78 89 24
78 101 11
78 110 9
78 117 9
78 123 4
78 147 12
78 156 1
78 161 4
78 170 17
78 179 9
78 185 9
78 201 4
78 208 6
78 225 15
78 237 20
78 249 6
78 255 7
78 258 6
78 264 6
78 270 7
78 271 4
78 286 3
78 301 3
78 310 20
78 338 3
78 352 5
78 413 4
78 432 2
78 438 13
78 475 15
78 522 1
78 533 11
78 544 10
78 548 6
78 589 3
78 592 5
78 604 11
78 677 7
78 740 1
78 783 9
78 824 6
78 846 2
78 855 2
78 956 7
78 976 11
78 1004 1
78 1121 3
78 1146 24
78 1198 2
78 1327 14
78 1344 6
78 1393 16
78 1578 3
78 1659 10
78 1715 1
78 1859 5
78 2238 10
79 89 24
79 101 23
79 110 20
79 117 10
79 123 3
79 147 16
79 156 3
79 161 10
79 170 33
79 179 7
79 185 18
79 201 12
79 208 10
79 225 59
79 237 18
79 249 15
79 255 9
79 258 9
79 264 4
79 270 22
79 271 28
79 286 3
79 301 9
79 310 26
79 338 8
79 352 7
79 413 3
79 432 12
79 438 19
79 475 38
79 522 11
79 533 11
79 544 7
79 548 8
79 589 8
79 592 17
79 604 15
79 677 7
79 740 5
79 783 15
79 824 8
79 846 10
79 855 15
79 956 5
79 976 12
79 1004 15
79 1121 11
79 1146 37
79 1198 18
79 1327 28
79 1344 14
79 1393 10
79 1578 6
79 1659 8
79 1715 11
79 1859 11
79 2238 36
89 101 65
89 110 26
89 117 32
89 123 26
89 147 42
89 156 28
89 161 19
89 170 59
89 179 22
89 185 29
89 201 46
89 208 35
89 225 43
89 237 65
89 249 29
89 255 36
89 258 36
89 264 26
89 270 20
89 271 24
89 286 13
89 301 28
89 310 82
89 338 38
89 352 29
89 413 30
89 432 18
89 438 36
89 475 50
89 522 20
89 533 46
89 544 34
89 548 19
89 589 32
89 592 52
89 604 34
89 677 18
89 740 21
89 783 31
89 824 25
89 846 16
89 855 20
89 956 23
89 976 11
89 1004 12
89 1121 31
89 1146 21
89 1198 40
89 1327 64
89 1344 25
89 1393 34
89 1578 17
89 1659 23
89 1715 24
89 1859 14
89 2238 27
101 110 10
101 117 22
101 123 12
101 147 37
101 156 6
101 161 5
101 170 29
101 179 10
101 185 23
101 201 49
101 208 30
101 225 31
101 237 53
101 249 16
101 255 45
101 258 17
101 264 11
101 270 10
101 271 22
101 286 5
101 301 49
101 310 43
101 338 11
101 352 22
101 413 48
101 432 18
101 438 11
101 475 47
101 522 28
101 533 28
101 544 27
101 548 11
101 589 23
101 592 15
101 604 46
101 677 20
101 740 17
101 783 26
101 824 54
101 846 27
101 855 11
101 956 13
101 976 17
101 1004 16
101 1121 26
101 1146 17
101 1198 26
101 1327 42
101 1344 6
101 1393 13
101 1578 7
101 1659 13
101 1715 14
101 1859 22
101 2238 28
110 117 4
110 123 8
110 147 12
110 156 16
110 161 16
110 170 72
110 179 4
110 185 8
110 201 5
110 208 6
110 225 35
110 237 31
110 249 21
110 255 16
110 258 12
110 264 14
110 270 19
110 271 14
110 286 16
110 301 2
110 310 21
110 338 9
110 352 5
110 413 7
110 432 5
110 438 17
110 475 18
110 522 9
110 533 13
110 544 12
110 548 27
110 589 10
110 592 11
110 604 13
110 677 5
110 740 4
110 783 4
110 824 4
110 846 3
110 855 16
110 956 9
110 976 5
110 1004 19
110 1121 11
110 1146 26
110 1198 7
110 1327 48
110 1344 8
110 1393 7
110 1578 6
110 1659 3
110 1715 11
110 1859 5
110 2238 21
117 123 11
117 147 15
117 156 5
117 161 15
117 170 17
117 179 9
117 185 18
117 201 14
117 208 24
117 225 27
117 237 25
117 249 11
117 255 13
117 258 16
117 264 5
117 270 11
117 271 16
117 286 6
117 301 12
117 310 34
117 338 25
117 352 7
117 413 18
117 432 16
117 438 10
117 475 31
117 522 8
117 533 22
117 544 7
117 548 5
117 589 11
117 592 18
117 604 19
117 677 10
117 740 13
117 783 14
117 824 18
117 846 16
117 855 12
117 956 12
117 976 179
117 1004 11
117 1121 12
117 1146 18
117 1198 30
117 1327 17
117 1344 14
117 1393 10
117 1578 3
117 1659 12
117 1715 11
117 1859 31
117 2238 12
123 147 27
123 156 5
123 161 6
123 170 14
123 179 8
123 185 10
123 201 16
123 208 5
123 225 19
123 237 25
123 249 3
123 255 15
123 258 8
123 264 9
123 270 6
123 271 11
123 286 4
123 301 11
123 310 35
123 338 21
123 352 11
123 413 9
123 432 5
123 438 16
123 475 23
123 522 14
123 533 9
123 544 15
123 548 13
123 589 8
123 592 24
123 604 10
123 677 20
123 740 4
123 783 10
123 824 18
123 846 11
123 855 7
123 956 6
123 976 14
123 1004 10
123 1121 10
123 1146 5
123 1198 13
123 1327 26
123 1344 15
123 1393 12
123 1578 3
123 1659 5
123 1715 4
123 1859 10
123 2238 8
147 156 5
147 161 4
147 170 27
147 179 64
147 185 22
147 201 19
147 208 24
147 225 36
147 237 44
147 249 8
147 255 18
147 258 4
147 264 6
147 270 25
147 271 23
147 286 14
147 301 2
147 310 38
147 338 33
147 352 16
147 413 22
147 432 6
147 438 16
147 475 44
147 522 9
147 533 17
147 544 5
147 548 18
147 589 10
147 592 28
147 604 14
147 677 4
147 740 11
147 783 13
147 824 11
147 846 6
147 855 7
147 956 3
147 976 9
147 1004 18
147 1121 20
147 1146 10
147 1198 21
147 1327 35
147 1344 23
147 1393 13
147 1578 19
147 1659 5
147 1715 10
147 1859 12
147 2238 29
156 161 3
156 170 22
156 179 7
156 185 10
156 201 8
156 208 4
156 225 10
156 237 12
156 249 8
156 255 12
156 258 4
156 264 5
156 270 5
156 271 2
156 286 9
156 301 9
156 310 21
156 338 7
156 352 2
156 413 6
156 432 8
156 438 4
156 475 18
156 522 3
156 533 6
156 544 17
156 548 1
156 589 6
156 592 6
156 604 6
156 677 7
156 740 5
156 783 4
156 824 7
156 846 5
156 956 8
156 976 4
156 1004 4
156 1121 11
156 1146 9
156 1198 10
156 1327 17
156 1344 4
156 1393 11
156 1578 7
156 1659 2
156 1715 3
156 1859 5
156 2238 4
161 170 13
161 179 5
161 185 2
161 201 8
161 208 6
161 225 15
161 237 14
161 249 13
161 255 15
161 258 3
161 264 3
161 270 13
161 271 12
161 286 1
161 301 8
161 310 17
161 338 16
161 352 1
161 413 2
161 432 1
161 438 20
161 475 12
161 522 1
161 533 11
161 544 8
161 548 4
161 589 3
161 592 1
161 604 20
161 677 2
161 740 2
161 783 8
161 824 4
161 846 1
161 855 7
161 976 8
161 1004 3
161 1121 6
161 1146 16
161 1198 14
161 1327 21
161 1344 13
161 1393 3
161 1578 1
161 1659 2
161 1715 3
161 1859 3
161 2238 5
170 179 15
170 185 19
170 201 11
170 208 17
170 225 48
170 237 46
170 249 23
170 255 31
170 258 15
170 264 28
170 270 24
170 271 25
170 286 22
170 301 14
170 310 48
170 338 22
170 352 18
170 413 15
170 432 8
170 438 44
170 475 30
170 522 10
170 533 12
170 544 15
170 548 15
170 589 15
170 592 13
170 604 18
170 677 14
170 740 19
170 783 9
170 824 13
170 846 17
170 855 19
170 956 19
170 976 20
170 1004 11
170 1121 13
170 1146 33
170 1198 16
170 1327 63
170 1344 28
170 1393 23
170 1578 17
170 1659 13
170 1715 8
170 1859 15
170 2238 36
179 185 10
179 201 6
179 208 12
179 225 14
179 237 9
179 249 10
179 255 19
179 258 17
179 264 3
179 270 11
179 271 9
179 286 6
179 301 44
179 310 15
179 338 2
179 352 7
179 413 9
179 432 5
179 438 15
179 475 21
179 522 6
179 533 10
179 544 5
179 548 11
179 589 10
179 592 12
179 604 16
179 677 4
179 740 3
179 783 12
179 824 34
179 846 12
179 855 2
179 956 11
179 976 10
179 1004 8
179 1121 13
179 1146 8
179 1198 10
179 1327 29
179 1344 9
179 1393 11
179 1578 12
179 1659 2
179 1715 14
179 1859 6
179 2238 8
185 201 24
185 208 17
185 225 23
185 237 29
185 249 16
185 255 14
185 258 12
185 264 8
185 270 16
185 271 13
185 286 2
185 301 14
185 310 35
185 338 19
185 352 11
185 413 25
185 432 13
185 438 13
185 475 24
185 522 10
185 533 12
185 544 8
185 548 14
185 589 17
185 592 13
185 604 29
185 677 11
185 740 9
185 783 18
185 824 19
185 846 5
185 855 10
185 956 15
185 976 13
185 1004 12
185 1121 4
185 1146 18
185 1198 19
185 1327 33
185 1344 9
185 1393 15
185 1578 9
185 1659 4
185 1715 13
185 1859 14
185 2238 15
201 208 29
201 225 17
201 237 13
201 249 17
201 255 27
201 258 11
201 264 4
201 270 7
201 271 12
201 286 4
201 301 15
201 310 33
201 338 24
201 352 15
201 413 17
201 432 16
201 438 13
201 475 22
201 522 19
201 533 18
201 544 14
201 548 4
201 589 14
201 592 11
201 604 22
201 677 16
201 740 8
201 783 13
201 824 21
201 846 7
201 855 14
201 956 18
201 976 15
201 1004 11
201 1121 13
201 1146 18
201 1198 19
201 1327 31
201 1344 8
201 1393 12
201 1578 7
201 1659 6
201 1715 15
201 1859 16
201 2238 7
208 225 34
208 237 1
208 249 6
208 255 17
208 258 14
208 264 4
208 270 16
208 271 5
208 286 2
208 301 18
208 310 24
208 338 16
208 352 7
208 413 11
208 432 10
208 438 10
208 475 30
208 522 13
208 533 11
208 544 14
208 548 13
208 589 18
208 592 19
208 604 17
208 677 13
208 740 10
208 783 12
208 824 19
208 846 7
208 855 4
208 956 14
208 976 11
208 1004 1
208 1121 14
208 1146 14
208 1198 19
208 1327 23
208 1344 4
208 1393 6
208 1578 6
208 1659 11
208 1715 3
208 1859 12
208 2238 14
225 237 58
225 249 26
225 255 29
225 258 11
225 264 22
225 270 113
225 271 143
225 286 16
225 301 18
225 310 65
225 338 14
225 352 18
225 413 17
225 432 20
225 438 29
225 475 40
225 522 9
225 533 26
225 544 18
225 548 25
225 589 17
225 592 16
225 604 32
225 677 16
225 740 23
225 783 24
225 824 11
225 846 20
225 855 17
225 956 16
225 976 22
225 1004 15
225 1121 17
225 1146 68
225 1198 23
225 1327 48
225 1344 25
225 1393 16
225 1578 19
225 1659 12
225 1715 20
225 1859 18
225 2238 159
237 249 70
237 255 40
237 258 34
237 264 18
237 270 24
237 271 20
237 286 16
237 301 27
237 310 69
237 338 26
237 352 25
237 413 26
237 432 17
237 438 40
237 475 78
237 522 20
237 533 26
237 544 14
237 548 18
237 589 24
237 592 29
237 604 30
237 677 12
237 740 20
237 783 28
237 824 19
237 846 17
237 855 13
237 956 5
237 976 19
237 1004 7
237 1121 21
237 1146 26
237 1198 26
237 1327 47
237 1344 30
237 1393 25
237 1578 17
237 1659 8
237 1715 13
237 1859 25
237 2238 16
249 255 11
249 258 6
249 264 14
249 270 15
249 271 19
249 286 7
249 301 6
249 310 37
249 338 7
249 352 8
249 413 14
249 432 10
249 438 7
249 475 29
249 522 9
249 533 12
249 544 7
249 548 8
249 589 9
249 592 15
249 604 20
249 677 4
249 740 12
249 783 10
249 824 9
249 846 6
249 855 6
249 956 3
249 976 7
249 1004 8
249 1121 8
249 1146 5
249 1198 12
249 1327 26
249 1344 19
249 1393 11
249 1578 7
249 1659 11
249 1715 13
249 1859 7
249 2238 10
255 258 8
255 264 10
255 270 8
255 271 26
255 286 7
255 301 13
255 310 41
255 338 14
255 352 8
255 413 20
255 432 12
255 438 18
255 475 27
255 522 14
255 533 16
255 544 12
255 548 13
255 589 19
255 592 20
255 604 27
255 677 12
255 740 13
255 783 12
255 824 11
255 846 16
255 855 13
255 956 11
255 976 8
255 1004 7
255 1121 20
255 1146 18
255 1198 12
255 1327 30
255 1344 7
255 1393 12
255 1578 10
255 1659 18
255 1715 12
255 1859 8
255 2238 20
258 264 11
258 270 10
258 271 10
258 286 6
258 301 2
258 310 13
258 338 26
258 352 11
258 413 20
258 432 8
258 438 9
258 475 22
258 522 9
258 533 12
258 544 21
258 548 13
258 589 5
258 592 7
258 604 15
258 740 7
258 783 10
258 824 3
258 846 6
258 855 2
258 956 2
258 976 7
258 1004 21
258 1121 4
258 1146 5
258 1198 8
258 1327 9
258 1344 22
258 1393 8
258 1578 2
258 1659 7
258 1715 4
258 1859 7
258 2238 17
264 270 9
264 271 6
264 286 6
264 301 11
264 310 17
264 338 7
264 352 5
264 413 5
264 432 10
264 438 17
264 475 12
264 522 4
264 533 4
264 544 7
264 548 11
264 589 7
264 592 8
264 604 8
264 677 7
264 740 5
264 783 5
264 824 6
264 846 7
264 855 2
264 956 6
264 976 2
264 1004 7
264 1121 3
264 1146 7
264 1198 8
264 1327 14
264 1344 8
264 1393 6
264 1578 9
264 1715 4
264 1859 3
264 2238 14
270 271 231
270 286 12
270 301 8
270 310 33
270 338 7
270 352 12
270 413 9
270 432 8
270 438 30
270 475 25
270 522 7
270 533 16
270 544 11
270 548 18
270 589 4
270 592 11
270 604 5
270 677 9
270 740 4
270 783 14
270 824 6
270 846 6
270 855 8
270 956 14
270 976 8
270 1004 16
270 1121 7
270 1146 20
270 1198 8
270 1327 21
270 1344 19
270 1393 10
270 1578 15
270 1659 2
270 1715 8
270 1859 13
270 2238 114
271 286 5
271 301 9
271 310 28
271 338 13
271 352 16
271 413 10
271 432 12
271 438 14
271 475 21
271 522 7
271 533 17
271 544 15
271 548 16
271 589 7
271 592 13
271 604 23
271 677 8
271 740 7
271 783 17
271 824 10
271 846 9
271 855 11
271 956 7
271 976 14
271 1004 13
271 1121 14
271 1146 29
271 1198 10
271 1327 31
271 1344 8
271 1393 5
271 1578 5
271 1659 4
271 1715 15
271 1859 10
271 2238 116
286 301 4
286 310 8
286 338 4
286 352 2
286 413 6
286 432 2
286 438 9
286 475 13
286 522 5
286 533 4
286 544 4
286 548 4
286 589 3
286 592 3
286 604 6
286 677 4
286 783 1
286 824 2
286 846 4
286 855 5
286 956 2
286 976 3
286 1004 1
286 1121 8
286 1146 8
286 1198 4
286 1327 18
286 1344 10
286 1393 9
286 1578 2
286 1659 2
286 1859 2
286 2238 7
301 310 29
301 338 5
301 352 8
301 413 12
301 432 12
301 438 12
301 475 21
301 522 11
301 533 4
301 544 12
301 548 4
301 589 16
301 592 24
301 604 31
301 677 1
301 740 8
301 783 26
301 824 4
301 846 3
301 855 3
301 956 1
301 976 10
301 1004 7
301 1121 12
301 1146 10
301 1198 4
301 1327 35
301 1344 8
301 1393 7
301 1578 1
301 1659 4
301 1715 16
301 1859 10
301 2238 7
310 338 24
310 352 32
310 413 19
310 432 27
310 438 25
310 475 10
310 522 37
310 533 31
310 544 17
310 548 20
310 589 26
310 592 26
310 604 47
310 677 9
310 740 15
310 783 22
310 824 19
310 846 13
310 855 9
310 956 18
310 976 23
310 1004 18
310 1121 22
310 1146 64
310 1198 42
310 1327 61
310 1344 29
310 1393 24
310 1578 17
310 1659 15
310 1715 30
310 1859 38
310 2238 41
338 352 7
338 413 20
338 432 5
338 438 5
338 475 36
338 522 14
338 533 23
338 544 19
338 548 14
338 589 8
338 592 16
338 604 17
338 677 18
338 740 4
338 783 13
338 824 30
338 846 14
338 855 7
338 956 20
338 976 14
338 1004 12
338 1121 16
338 1146 12
338 1198 16
338 1327 14
338 1344 13
338 1393 15
338 1578 5
338 1659 7
338 1715 8
338 1859 9
338 2238 12
352 413 14
352 432 6
352 438 7
352 475 24
352 522 12
352 533 18
352 544 9
352 548 2
352 589 12
352 592 9
352 604 30
352 677 11
352 740 6
352 783 26
352 824 12
352 846 8
352 855 7
352 956 4
352 976 21
352 1004 11
352 1121 18
352 1146 22
352 1198 18
352 1327 18
352 1344 9
352 1393 12
352 1578 4
352 1659 3
352 1715 22
352 1859 161
352 2238 8
413 432 11
413 438 9
413 475 18
413 522 7
413 533 9
413 544 7
413 548 8
413 589 5
413 592 7
413 604 23
413 677 6
413 740 5
413 783 12
413 824 18
413 846 7
413 855 5
413 956 8
413 976 8
413 1004 32
413 1121 2
413 1146 5
413 1198 7
413 1327 21
413 1344 10
413 1393 9
413 1578 4
413 1659 5
413 1715 3
413 1859 8
413 2238 9
432 438 11
432 475 11
432 522 8
432 544 8
432 548 5
432 589 17
432 592 16
432 604 20
432 677 2
432 740 10
432 783 12
432 824 2
432 846 8
432 855 11
432 956 6
432 976 11
432 1004 9
432 1121 8
432 1146 15
432 1198 3
432 1327 16
432 1344 10
432 1393 8
432 1578 2
432 1659 12
432 1715 9
432 1859 9
432 2238 13
438 475 24
438 522 10
438 533 12
438 544 9
438 548 14
438 589 19
438 592 15
438 604 12
438 677 16
438 740 16
438 783 11
438 824 12
438 846 1
438 855 4
438 956 5
438 976 13
438 1004 10
438 1121 2
438 1146 5
438 1198 14
438 1327 12
438 1344 4
438 1393 15
438 1578 7
438 1659 1
438 1715 11
438 1859 8
438 2238 15
475 522 30
475 533 32
475 544 28
475 548 10
475 589 13
475 592 30
475 604 22
475 677 28
475 740 16
475 783 13
475 824 27
475 846 11
475 855 14
475 956 22
475 976 19
475 1004 24
475 1121 7
475 1146 36
475 1198 13
475 1327 38
475 1344 16
475 1393 23
475 1578 15
475 1659 18
475 1715 17
475 1859 16
475 2238 16
522 533 10
522 544 21
522 548 3
522 589 15
522 592 7
522 604 27
522 677 12
522 740 4
522 783 7
522 824 12
522 846 10
522 855 4
522 956 10
522 976 5
522 1004 11
522 1121 16
522 1146 12
522 1198 12
522 1327 17
522 1344 13
522 1393 10
522 1578 5
522 1659 6
522 1715 19
522 1859 9
522 2238 13
533 544 16
533 548 7
533 589 14
533 592 16
533 604 22
533 677 14
533 740 9
533 783 16
533 824 17
533 846 8
533 855 8
533 956 16
533 976 11
533 1004 9
533 1121 11
533 1146 17
533 1327 40
533 1344 6
533 1393 11
533 1578 9
533 1659 13
533 1715 10
533 1859 16
533 2238 14
544 548 4
544 589 8
544 592 9
544 604 18
544 677 8
544 740 6
544 783 9
544 824 8
544 846 7
544 855 6
544 956 6
544 976 7
544 1004 7
544 1121 7
544 1146 13
544 1198 11
544 1327 14
544 1344 9
544 1393 13
544 1578 3
544 1659 8
544 1715 7
544 1859 4
544 2238 5
548 589 9
548 592 9
548 604 11
548 677 8
548 783 9
548 824 6
548 846 2
548 855 1
548 956 3
548 976 11
548 1004 15
548 1121 10
548 1146 8
548 1198 7
548 1327 25
548 1344 18
548 1393 4
548 1578 3
548 1659 8
548 1715 4
548 1859 3
548 2238 22
589 592 10
589 604 27
589 677 4
589 740 6
589 783 16
589 824 11
589 846 10
589 855 4
589 956 6
589 976 12
589 1004 5
589 1121 10
589 1146 14
589 1198 19
589 1327 20
589 1344 6
589 1393 8
589 1578 4
589 1659 11
589 1715 12
589 1859 13
589 2238 17
592 604 9
592 677 23
592 740 8
592 783 19
592 824 19
592 846 14
592 855 6
592 956 8
592 976 13
592 1004 16
592 1121 6
592 1146 13
592 1198 28
592 1327 21
592 1344 15
592 1393 20
592 1578 13
592 1659 6
592 1715 11
592 1859 9
592 2238 10
604 677 4
604 740 21
604 783 36
604 824 12
604 846 11
604 855 9
604 956 15
604 976 19
604 1004 13
604 1121 44
604 1146 23
604 1198 26
604 1327 29
604 1344 11
604 1393 15
604 1578 5
604 1659 16
604 1715 35
604 1859 22
604 2238 20
677 740 2
677 783 8
677 824 1
677 846 4
677 855 11
677 956 3
677 976 8
677 1004 23
677 1121 8
677 1146 15
677 1198 7
677 1327 21
677 1344 9
677 1393 4
677 1578 10
677 1659 9
677 1715 7
677 1859 6
677 2238 14
740 783 6
740 824 1
740 846 11
740 855 5
740 956 4
740 976 4
740 1004 4
740 1121 7
740 1146 7
740 1198 10
740 1327 30
740 1344 6
740 1393 10
740 1578 2
740 1659 8
740 1715 9
740 1859 6
740 2238 9
783 824 11
783 846 4
783 855 7
783 956 2
783 976 18
783 1004 6
783 1121 19
783 1146 10
783 1198 14
783 1327 30
783 1344 10
783 1393 12
783 1578 4
783 1659 8
783 1715 19
783 1859 23
783 2238 19
824 846 19
824 855 9
824 956 4
824 976 9
824 1004 18
824 1121 14
824 1146 12
824 1198 13
824 1327 30
824 1344 9
824 1393 8
824 1578 13
824 1659 7
824 1715 10
824 1859 13
824 2238 7
846 855 3
846 956 6
846 976 12
846 1004 17
846 1121 9
846 1146 9
846 1198 18
846 1327 26
846 1344 20
846 1393 12
846 1578 1
846 1659 13
846 1715 6
846 1859 10
846 2238 13
855 956 3
855 976 11
855 1004 2
855 1121 6
855 1146 11
855 1198 6
855 1327 21
855 1344 7
855 1393 10
855 1578 1
855 1659 5
855 1715 4
855 1859 4
855 2238 7
956 976 8
956 1004 6
956 1121 12
956 1146 10
956 1198 6
956 1327 9
956 1344 9
956 1393 12
956 1578 1
956 1659 5
956 1715 4
956 1859 4
956 2238 9
976 1004 11
976 1121 12
976 1146 21
976 1198 15
976 1327 12
976 1344 11
976 1393 11
976 1578 5
976 1659 5
976 1715 14
976 1859 6
976 2238 13
1004 1121 13
1004 1146 10
1004 1198 5
1004 1327 39
1004 1344 7
1004 1393 7
1004 1578 5
1004 1659 9
1004 1715 2
1004 1859 12
1004 2238 15
1121 1146 15
1121 1198 12
1121 1327 15
1121 1344 11
1121 1393 8
1121 1578 4
1121 1659 9
1121 1715 12
1121 1859 11
1121 2238 11
1146 1198 20
1146 1327 16
1146 1344 15
1146 1393 27
1146 1578 9
1146 1659 11
1146 1715 23
1146 1859 22
1146 2238 32
1198 1327 35
1198 1344 12
1198 1393 16
1198 1578 4
1198 1659 10
1198 1715 10
1198 1859 22
1198 2238 10
1327 1344 19
1327 1393 18
1327 1578 3
1327 1659 5
1327 1715 15
1327 1859 19
1327 2238 24
1344 1393 8
1344 1578 6
1344 1659 18
1344 1715 10
1344 1859 7
1344 2238 13
1393 1578 11
1393 1659 7
1393 1715 7
1393 1859 9
1393 2238 10
1578 1715 6
1578 1859 3
1578 2238 12
1659 1715 6
1659 1859 6
1659 2238 9
1715 1859 13
1715 2238 5
1859 2238 8
