9 19 45
9 31 8
9 32 143
9 36 23
9 37 5
9 38 108
9 39 434
9 41 232
9 48 425
9 49 9
9 60 35
9 65 70
9 76 22
9 78 12
9 79 13
9 89 46
9 101 40
9 110 6
9 117 35
9 123 10
9 147 30
9 161 18
9 170 24
9 179 15
9 185 23
9 201 24
9 208 22
9 225 24
9 237 43
9 249 18
9 255 25
9 258 26
9 264 8
9 270 18
9 271 29
9 286 10
9 301 36
9 310 49
9 338 40
9 389 10
9 413 29
9 432 20
9 438 9
9 475 39
9 522 19
9 533 25
9 544 26
9 548 13
9 589 18
9 592 15
9 604 38
9 677 14
9 740 17
9 783 24
9 824 24
9 846 8
9 855 9
9 956 11
9 976 18
9 1004 11
9 1146 22
9 1198 40
9 1327 26
9 1344 9
9 1393 19
9 1578 6
9 2238 20
19 31 5
19 32 88
19 36 13
19 37 7
19 38 64
19 39 280
19 41 137
19 48 263
19 49 4
19 60 21
19 65 28
19 76 8
19 78 8
19 79 5
19 89 29
19 101 33
19 110 8
19 123 15
19 147 19
19 161 7
19 170 15
19 179 8
19 185 20
19 201 11
19 208 11
19 225 16
19 237 26
19 249 7
19 255 7
19 258 14
19 264 11
19 270 9
19 271 10
19 286 4
19 301 13
19 310 31
19 338 14
19 389 5
19 413 10
19 432 10
19 438 13
19 475 22
19 522 10
19 533 12
19 544 15
19 548 6
19 589 9
19 592 20
19 604 15
19 677 14
19 740 5
19 783 10
19 824 9
19 846 7
19 855 6
19 956 4
19 976 1
19 1004 2
19 1146 8
19 1198 6
19 1327 13
19 1344 5
19 1393 4
19 1578 5
19 2238 7
31 32 88
31 36 7
31 37 12
31 38 80
31 39 272
31 41 141
31 48 245
31 49 4
31 60 10
31 65 31
31 76 10
31 78 7
31 79 16
31 89 40
31 101 15
31 110 17
31 117 5
31 123 18
31 147 9
31 161 2
31 170 11
31 179 5
31 185 14
31 201 10
31 208 9
31 225 27
31 237 48
31 249 22
31 255 17
31 258 3
31 264 11
31 270 12
31 271 26
31 286 6
31 301 2
31 310 28
31 338 6
31 389 19
31 413 6
31 432 4
31 438 7
31 475 16
31 522 7
31 533 13
31 544 7
31 548 7
31 589 4
31 592 2
31 604 11
31 677 9
31 740 8
31 783 5
31 824 6
31 846 11
31 855 2
31 956 5
31 976 6
31 1004 5
31 1146 6
31 1198 22
31 1327 31
31 1344 8
31 1393 6
31 1578 18
31 2238 13
32 36 262
32 37 96
32 38 1456
32 39 4355
32 41 2296
32 48 4113
32 49 109
32 60 162
32 65 384
32 76 85
32 78 104
32 79 194
32 89 311
32 101 215
32 110 215
32 117 127
32 123 129
32 147 197
32 161 95
32 170 295
32 179 116
32 185 163
32 201 92
32 208 100
32 225 356
32 237 281
32 249 111
32 255 167
32 258 101
32 264 70
32 270 242
32 271 250
32 286 98
32 301 141
32 310 306
32 338 130
32 389 138
32 413 100
32 432 73
32 438 177
32 475 249
32 522 97
32 533 150
32 544 84
32 548 123
32 589 108
32 592 150
32 604 143
32 677 132
32 740 94
32 783 125
32 824 136
32 846 109
32 855 74
32 956 106
32 976 89
32 1004 128
32 1146 214
32 1198 143
32 1327 253
32 1344 145
32 1393 100
32 1578 90
32 2238 170
36 37 35
36 38 1412
36 39 1017
36 41 510
36 48 704
36 49 14
36 60 20
36 65 73
36 76 10
36 78 28
36 79 36
36 89 65
36 101 36
36 110 95
36 117 22
36 123 18
36 147 26
36 161 18
36 170 107
36 179 17
36 185 19
36 201 17
36 208 13
36 225 74
36 237 74
36 249 28
36 255 30
36 258 17
36 264 38
36 270 23
36 271 45
36 286 25
36 301 26
36 310 49
36 338 15
36 389 38
36 413 17
36 432 16
36 438 32
36 475 33
36 522 11
36 533 23
36 544 8
36 548 3
36 589 27
36 592 19
36 604 28
36 677 12
36 740 36
36 783 27
36 824 10
36 846 22
36 855 22
36 956 8
36 976 21
36 1004 15
36 1146 33
36 1198 20
36 1327 51
36 1344 32
36 1393 16
36 1578 22
36 2238 37
37 38 521
37 39 342
37 41 173
37 48 305
37 49 10
37 60 4
37 65 17
37 76 14
37 78 5
37 79 9
37 89 33
37 101 16
37 110 28
37 117 7
37 123 3
37 147 23
37 161 4
37 170 24
37 179 5
37 185 7
37 201 6
37 208 5
37 225 19
37 237 27
37 249 13
37 255 12
37 258 7
37 264 10
37 270 13
37 271 7
37 286 19
37 301 11
37 310 16
37 338 8
37 389 16
37 413 4
37 432 5
37 438 27
37 475 13
37 522 4
37 533 7
37 544 2
37 548 8
37 592 10
37 604 4
37 677 3
37 740 3
37 783 3
37 824 6
37 846 7
37 855 5
37 956 2
37 976 4
37 1004 3
37 1146 12
37 1198 6
37 1327 15
37 1344 6
37 1393 5
37 1578 6
37 2238 13
38 39 5171
38 41 2773
38 48 3968
38 49 117
38 60 110
38 65 323
38 76 82
38 78 97
38 79 161
38 89 335
38 101 168
38 110 1271
38 117 89
38 123 99
38 147 173
38 161 100
38 170 1661
38 179 77
38 185 122
38 201 79
38 208 79
38 225 371
38 237 307
38 249 139
38 255 153
38 258 88
38 264 124
38 270 186
38 271 211
38 286 520
38 301 86
38 310 222
38 338 99
38 389 149
38 413 93
38 432 59
38 438 201
38 475 198
38 522 65
38 533 117
38 544 69
38 548 105
38 589 91
38 592 99
38 604 129
38 677 81
38 740 110
38 783 85
38 824 76
38 846 95
38 855 103
38 956 79
38 976 69
38 1004 78
38 1146 185
38 1198 85
38 1327 301
38 1344 158
38 1393 96
38 1578 93
38 2238 219
39 41 8058
39 48 14376
39 49 387
39 60 543
39 65 1348
39 76 278
39 78 328
39 79 568
39 89 1188
39 101 643
39 110 823
39 117 337
39 123 355
39 147 564
39 161 310
39 170 1113
39 179 329
39 185 472
39 201 350
39 208 326
39 225 1224
39 237 914
39 249 346
39 255 591
39 258 331
39 264 308
39 270 604
39 271 753
39 286 323
39 301 362
39 310 991
39 338 372
39 389 391
39 413 358
39 432 285
39 438 658
39 475 783
39 522 330
39 533 474
39 544 302
39 548 305
39 589 354
39 592 406
39 604 477
39 677 352
39 740 368
39 783 383
39 824 327
39 846 290
39 855 282
39 956 289
39 976 259
39 1004 263
39 1146 620
39 1198 387
39 1327 985
39 1344 421
39 1393 348
39 1578 310
39 2238 678
41 48 6300
41 49 151
41 60 229
41 65 709
41 76 160
41 78 137
41 79 360
41 89 463
41 101 335
41 110 457
41 117 216
41 123 168
41 147 320
41 161 142
41 170 601
41 179 154
41 185 209
41 201 181
41 208 210
41 225 663
41 237 403
41 249 178
41 255 254
41 258 177
41 264 153
41 270 375
41 271 421
41 286 175
41 301 177
41 310 514
41 338 177
41 389 147
41 413 189
41 432 134
41 438 296
41 475 428
41 522 150
41 533 230
41 544 160
41 548 164
41 589 152
41 592 235
41 604 238
41 677 169
41 740 149
41 783 180
41 824 204
41 846 180
41 855 157
41 956 158
41 976 140
41 1004 132
41 1146 412
41 1198 214
41 1327 450
41 1344 253
41 1393 156
41 1578 126
41 2238 412
48 49 428
48 60 444
48 65 1232
48 76 262
48 78 341
48 79 455
48 89 1216
48 101 608
48 110 632
48 117 374
48 123 388
48 147 517
48 161 257
48 170 818
48 179 305
48 185 448
48 201 358
48 208 330
48 225 907
48 237 785
48 249 323
48 255 591
48 258 334
48 264 275
48 270 493
48 271 563
48 286 265
48 301 328
48 310 876
48 338 388
48 389 304
48 413 332
48 432 250
48 438 537
48 475 767
48 522 285
48 533 425
48 544 278
48 548 308
48 589 304
48 592 411
48 604 418
48 677 341
48 740 242
48 783 355
48 824 319
48 846 258
48 855 266
48 956 259
48 976 262
48 1004 284
48 1146 509
48 1198 355
48 1327 819
48 1344 363
48 1393 300
48 1578 254
48 2238 492
49 60 5
49 65 34
49 76 5
49 78 15
49 79 7
49 89 7
49 101 22
49 110 22
49 117 9
49 123 22
49 147 9
49 161 12
49 170 19
49 179 15
49 185 11
49 201 18
49 208 8
49 225 32
49 237 20
49 249 8
49 255 13
49 258 16
49 264 8
49 270 23
49 271 16
49 286 9
49 301 14
49 310 31
49 338 16
49 389 9
49 413 10
49 432 9
49 438 22
49 475 30
49 522 9
49 533 13
49 544 14
49 548 9
49 589 12
49 592 15
49 604 14
49 677 14
49 740 11
49 783 7
49 824 10
49 846 16
49 855 14
49 956 5
49 976 7
49 1004 12
49 1146 11
49 1198 8
49 1327 30
49 1344 7
49 1393 8
49 1578 6
49 2238 16
60 65 79
60 76 18
60 78 8
60 79 17
60 89 72
60 101 8
60 110 21
60 117 19
60 123 22
60 147 21
60 161 18
60 170 17
60 179 2
60 185 25
60 201 26
60 208 17
60 225 33
60 237 47
60 249 17
60 255 32
60 258 22
60 264 14
60 270 20
60 271 19
60 286 7
60 301 51
60 310 65
60 338 1
60 389 12
60 413 30
60 432 26
60 438 25
60 475 24
60 522 19
60 533 19
60 544 29
60 548 9
60 589 28
60 592 18
60 604 81
60 677 12
60 740 13
60 783 35
60 824 11
60 846 8
60 855 3
60 956 6
60 976 16
60 1004 13
60 1146 25
60 1198 38
60 1327 21
60 1344 17
60 1393 15
60 1578 9
60 2238 22
65 76 49
65 78 30
65 79 43
65 89 131
65 101 107
65 110 40
65 117 67
65 123 37
65 147 74
65 161 35
65 170 60
65 179 37
65 185 38
65 201 89
65 208 38
65 225 108
65 237 90
65 249 52
65 255 76
65 258 48
65 264 42
65 270 44
65 271 98
65 286 19
65 301 76
65 310 114
65 338 60
65 389 33
65 413 60
65 432 39
65 438 47
65 475 84
65 522 37
65 533 40
65 544 34
65 548 50
65 589 50
65 592 53
65 604 73
65 677 34
65 740 24
65 783 71
65 824 48
65 846 35
65 855 17
65 956 38
65 976 47
65 1004 35
65 1146 57
65 1198 51
65 1327 112
65 1344 33
65 1393 44
65 1578 29
65 2238 59
76 78 8
76 79 13
76 89 23
76 101 25
76 110 11
76 117 14
76 123 12
76 147 9
76 161 8
76 170 11
76 179 3
76 185 22
76 201 16
76 208 14
76 225 34
76 237 14
76 249 10
76 255 7
76 258 5
76 264 3
76 270 16
76 271 21
76 286 9
76 301 12
76 310 31
76 338 9
76 389 4
76 413 15
76 432 13
76 438 10
76 475 20
76 522 11
76 533 11
76 544 11
76 548 11
76 589 11
76 592 12
76 604 18
76 677 11
76 740 9
76 783 11
76 824 6
76 846 6
76 855 11
76 956 4
76 976 10
76 1004 10
76 1146 21
76 1198 24
76 1327 18
76 1344 14
76 1393 9
76 1578 9
76 2238 19
78 79 9
78 89 36
78 101 14
78 110 10
78 117 10
78 123 4
78 147 15
78 161 7
78 170 20
78 179 12
78 185 15
78 201 4
78 208 7
78 225 24
78 237 29
78 249 7
78 255 8
78 258 6
78 264 7
78 270 8
78 271 5
78 286 4
78 301 4
78 310 24
78 338 4
78 389 5
78 413 7
78 432 2
78 438 16
78 475 19
78 522 2
78 533 12
78 544 11
78 548 8
78 589 4
78 592 9
78 604 12
78 677 7
78 740 2
78 783 10
78 824 10
78 846 2
78 855 2
78 956 8
78 976 12
78 1004 2
78 1146 26
78 1198 5
78 1327 18
78 1344 7
78 1393 17
78 1578 3
78 2238 11
79 89 35
79 101 33
79 110 22
79 117 10
79 123 6
79 147 18
79 161 16
79 170 42
79 179 10
79 185 29
79 201 17
79 208 12
79 225 81
79 237 25
79 249 18
79 255 15
79 258 13
79 264 6
79 270 28
79 271 34
79 286 6
79 301 11
79 310 36
79 338 9
79 389 22
79 413 9
79 432 15
79 438 22
79 475 46
79 522 13
79 533 15
79 544 8
79 548 10
79 589 10
79 592 18
79 604 17
79 677 12
79 740 6
79 783 19
79 824 10
79 846 11
79 855 17
79 956 6
79 976 15
79 1004 21
79 1146 44
79 1198 21
79 1327 31
79 1344 16
79 1393 10
79 1578 8
79 2238 44
89 101 82
89 110 36
89 117 40
89 123 33
89 147 57
89 161 26
89 170 78
89 179 29
89 185 55
89 201 55
89 208 39
89 225 78
89 237 98
89 249 44
89 255 46
89 258 43
89 264 40
89 270 34
89 271 49
89 286 21
89 301 34
89 310 115
89 338 45
89 389 31
89 413 38
89 432 18
89 438 39
89 475 63
89 522 21
89 533 63
89 544 38
89 548 23
89 589 36
89 592 66
89 604 41
89 677 25
89 740 29
89 783 43
89 824 27
89 846 17
89 855 20
89 956 30
89 976 19
89 1004 19
89 1146 27
89 1198 54
89 1327 73
89 1344 30
89 1393 39
89 1578 21
89 2238 41
101 110 13
101 117 27
101 123 17
101 147 54
101 161 5
101 170 39
101 179 13
101 185 36
101 201 57
101 208 31
101 225 44
101 237 64
101 249 18
101 255 56
101 258 20
101 264 14
101 270 18
101 271 34
101 286 9
101 301 65
101 310 60
101 338 15
101 389 14
101 413 58
101 432 20
101 438 14
101 475 55
101 522 32
101 533 36
101 544 38
101 548 15
101 589 28
101 592 17
101 604 57
101 677 29
101 740 21
101 783 34
101 824 61
101 846 30
101 855 12
101 956 19
101 976 21
101 1004 19
101 1146 22
101 1198 30
101 1327 48
101 1344 10
101 1393 16
101 1578 13
101 2238 34
110 117 4
110 123 10
110 147 16
110 161 22
110 170 89
110 179 5
110 185 13
110 201 5
110 208 6
110 225 48
110 237 43
110 249 23
110 255 22
110 258 17
110 264 22
110 270 32
110 271 30
110 286 25
110 301 4
110 310 28
110 338 11
110 389 22
110 413 10
110 432 6
110 438 19
110 475 21
110 522 10
110 533 18
110 544 14
110 548 34
110 589 14
110 592 13
110 604 14
110 677 7
110 740 4
110 783 6
110 824 6
110 846 4
110 855 18
110 956 10
110 976 5
110 1004 19
110 1146 28
110 1198 8
110 1327 54
110 1344 9
110 1393 9
110 1578 7
110 2238 27
117 123 14
117 147 23
117 161 15
117 170 21
117 179 11
117 185 21
117 201 17
117 208 25
117 225 34
117 237 29
117 249 12
117 255 13
117 258 16
117 264 5
117 270 14
117 271 23
117 286 9
117 301 18
117 310 38
117 338 27
117 389 2
117 413 22
117 432 16
117 438 10
117 475 37
117 522 10
117 533 25
117 544 10
117 548 5
117 589 13
117 592 20
117 604 20
117 677 11
117 740 18
117 783 16
117 824 19
117 846 19
117 855 12
117 956 13
117 976 201
117 1004 11
117 1146 19
117 1198 35
117 1327 18
117 1344 17
117 1393 12
117 1578 6
117 2238 16
123 147 32
123 161 7
123 170 15
123 179 12
123 185 18
123 201 21
123 208 8
123 225 27
123 237 32
123 249 3
123 255 16
123 258 10
123 264 13
123 270 8
123 271 13
123 286 7
123 301 14
123 310 43
123 338 27
123 389 9
123 413 14
123 432 6
123 438 18
123 475 29
123 522 18
123 533 11
123 544 16
123 548 13
123 589 12
123 592 26
123 604 12
123 677 22
123 740 5
123 783 14
123 824 21
123 846 14
123 855 8
123 956 7
123 976 16
123 1004 11
123 1146 5
123 1198 16
123 1327 28
123 1344 15
123 1393 13
123 1578 3
123 2238 11
147 161 4
147 170 36
147 179 78
147 185 29
147 201 30
147 208 25
147 225 44
147 237 50
147 249 8
147 255 25
147 258 5
147 264 8
147 270 33
147 271 31
147 286 18
147 301 3
147 310 50
147 338 38
147 389 19
147 413 34
147 432 6
147 438 18
147 475 56
147 522 11
147 533 21
147 544 7
147 548 26
147 589 11
147 592 34
147 604 16
147 677 4
147 740 13
147 783 15
147 824 12
147 846 10
147 855 7
147 956 3
147 976 10
147 1004 21
147 1146 14
147 1198 29
147 1327 41
147 1344 26
147 1393 16
147 1578 27
147 2238 31
161 170 15
161 179 9
161 185 4
161 201 11
161 208 8
161 225 21
161 237 20
161 249 13
161 255 20
161 258 4
161 264 5
161 270 16
161 271 16
161 286 2
161 301 10
161 310 22
161 338 21
161 389 7
161 413 4
161 432 2
161 438 23
161 475 15
161 522 2
161 533 12
161 544 10
161 548 5
161 589 3
161 592 3
161 604 21
161 677 4
161 740 2
161 783 12
161 824 5
161 846 1
161 855 7
161 976 10
161 1004 5
161 1146 17
161 1198 16
161 1327 22
161 1344 16
161 1393 3
161 1578 2
161 2238 6
170 179 16
170 185 30
170 201 20
170 208 17
170 225 70
170 237 64
170 249 27
170 255 35
170 258 17
170 264 37
170 270 37
170 271 36
170 286 31
170 301 19
170 310 56
170 338 25
170 389 30
170 413 22
170 432 9
170 438 54
170 475 38
170 522 11
170 533 17
170 544 19
170 548 19
170 589 17
170 592 16
170 604 18
170 677 17
170 740 21
170 783 14
170 824 16
170 846 18
170 855 21
170 956 21
170 976 21
170 1004 12
170 1146 35
170 1198 20
170 1327 67
170 1344 31
170 1393 26
170 1578 25
170 2238 42
179 185 15
179 201 10
179 208 13
179 225 21
179 237 11
179 249 10
179 255 24
179 258 22
179 264 3
179 270 13
179 271 12
179 286 7
179 301 59
179 310 20
179 338 2
179 389 7
179 413 12
179 432 5
179 438 19
179 475 23
179 522 6
179 533 10
179 544 7
179 548 12
179 589 11
179 592 13
179 604 17
179 677 4
179 740 6
179 783 14
179 824 41
179 846 15
179 855 2
179 956 15
179 976 11
179 1004 10
179 1146 8
179 1198 12
179 1327 33
179 1344 11
179 1393 11
179 1578 14
179 2238 11
185 201 31
185 208 19
185 225 33
185 237 44
185 249 19
185 255 20
185 258 19
185 264 13
185 270 22
185 271 25
185 286 2
185 301 19
185 310 51
185 338 26
185 389 13
185 413 32
185 432 15
185 438 16
185 475 31
185 522 14
185 533 14
185 544 11
185 548 18
185 589 22
185 592 18
185 604 35
185 677 15
185 740 9
185 783 20
185 824 21
185 846 5
185 855 11
185 956 19
185 976 19
185 1004 14
185 1146 22
185 1198 23
185 1327 38
185 1344 12
185 1393 22
185 1578 11
185 2238 17
201 208 32
201 225 21
201 237 21
201 249 19
201 255 29
201 258 13
201 264 5
201 270 9
201 271 18
201 286 5
201 301 18
201 310 41
201 338 27
201 389 6
201 413 20
201 432 17
201 438 16
201 475 31
201 522 22
201 533 20
201 544 15
201 548 10
201 589 16
201 592 16
201 604 26
201 677 19
201 740 8
201 783 18
201 824 23
201 846 8
201 855 14
201 956 21
201 976 16
201 1004 13
201 1146 24
201 1198 19
201 1327 37
201 1344 11
201 1393 14
201 1578 8
201 2238 13
208 225 37
208 237 1
208 249 6
208 255 18
208 258 14
208 264 5
208 270 19
208 271 8
208 286 2
208 301 20
208 310 27
208 338 18
208 389 6
208 413 15
208 432 13
208 438 11
208 475 33
208 522 14
208 533 12
208 544 14
208 548 15
208 589 19
208 592 19
208 604 19
208 677 15
208 740 10
208 783 13
208 824 20
208 846 9
208 855 5
208 956 14
208 976 11
208 1004 2
208 1146 15
208 1198 20
208 1327 25
208 1344 4
208 1393 7
208 1578 8
208 2238 16
225 237 75
225 249 32
225 255 37
225 258 15
225 264 28
225 270 154
225 271 200
225 286 21
225 301 30
225 310 92
225 338 17
225 389 52
225 413 27
225 432 24
225 438 34
225 475 49
225 522 12
225 533 36
225 544 21
225 548 32
225 589 22
225 592 21
225 604 37
225 677 20
225 740 33
225 783 41
225 824 16
225 846 28
225 855 18
225 956 20
225 976 30
225 1004 19
225 1146 80
225 1198 28
225 1327 54
225 1344 34
225 1393 20
225 1578 27
225 2238 211
237 249 87
237 255 47
237 258 44
237 264 24
237 270 34
237 271 30
237 286 23
237 301 35
237 310 92
237 338 36
237 389 17
237 413 36
237 432 17
237 438 48
237 475 93
237 522 22
237 533 33
237 544 15
237 548 22
237 589 26
237 592 34
237 604 34
237 677 17
237 740 25
237 783 40
237 824 19
237 846 19
237 855 14
237 956 7
237 976 22
237 1004 9
237 1146 30
237 1198 32
237 1327 51
237 1344 32
237 1393 31
237 1578 29
237 2238 24
249 255 14
249 258 6
249 264 14
249 270 20
249 271 26
249 286 9
249 301 8
249 310 40
249 338 9
249 389 4
249 413 17
249 432 10
249 438 8
249 475 33
249 522 9
249 533 15
249 544 7
249 548 10
249 589 9
249 592 15
249 604 22
249 677 4
249 740 13
249 783 11
249 824 9
249 846 6
249 855 7
249 956 3
249 976 9
249 1004 9
249 1146 6
249 1198 13
249 1327 30
249 1344 21
249 1393 13
249 1578 9
249 2238 11
255 258 10
255 264 11
255 270 13
255 271 34
255 286 8
255 301 16
255 310 49
255 338 22
255 389 19
255 413 23
255 432 13
255 438 22
255 475 27
255 522 16
255 533 19
255 544 12
255 548 16
255 589 24
255 592 20
255 604 32
255 677 17
255 740 17
255 783 15
255 824 14
255 846 20
255 855 14
255 956 13
255 976 9
255 1004 10
255 1146 19
255 1198 17
255 1327 33
255 1344 7
255 1393 14
255 1578 12
255 2238 22
258 264 14
258 270 13
258 271 11
258 286 9
258 301 2
258 310 16
258 338 35
258 389 16
258 413 24
258 432 8
258 438 10
258 475 27
258 522 14
258 533 16
258 544 22
258 548 17
258 589 8
258 592 9
258 604 15
258 740 9
258 783 13
258 824 3
258 846 6
258 855 2
258 956 4
258 976 7
258 1004 23
258 1146 5
258 1198 8
258 1327 9
258 1344 23
258 1393 10
258 1578 2
258 2238 19
264 270 11
264 271 12
264 286 6
264 301 15
264 310 24
264 338 10
264 389 8
264 413 7
264 432 10
264 438 19
264 475 14
264 522 7
264 533 5
264 544 7
264 548 11
264 589 8
264 592 11
264 604 10
264 677 10
264 740 7
264 783 7
264 824 6
264 846 8
264 855 3
264 956 7
264 976 4
264 1004 8
264 1146 8
264 1198 13
264 1327 17
264 1344 8
264 1393 8
264 1578 11
264 2238 15
270 271 340
270 286 17
270 301 12
270 310 39
270 338 10
270 389 49
270 413 14
270 432 10
270 438 34
270 475 33
270 522 11
270 533 21
270 544 12
270 548 25
270 589 5
270 592 16
270 604 6
270 677 14
270 740 4
270 783 14
270 824 8
270 846 8
270 855 9
270 956 18
270 976 11
270 1004 20
270 1146 24
270 1198 12
270 1327 27
270 1344 23
270 1393 13
270 1578 19
270 2238 142
271 286 8
271 301 15
271 310 40
271 338 17
271 389 56
271 413 19
271 432 13
271 438 19
271 475 30
271 522 8
271 533 25
271 544 16
271 548 25
271 589 8
271 592 18
271 604 26
271 677 14
271 740 11
271 783 25
271 824 13
271 846 11
271 855 11
271 956 9
271 976 18
271 1004 21
271 1146 31
271 1198 13
271 1327 39
271 1344 10
271 1393 8
271 1578 10
271 2238 149
286 301 7
286 310 10
286 338 5
286 389 10
286 413 8
286 432 2
286 438 12
286 475 18
286 522 5
286 533 4
286 544 6
286 548 6
286 589 5
286 592 4
286 604 7
286 677 5
286 783 3
286 824 2
286 846 6
286 855 6
286 956 2
286 976 5
286 1004 1
286 1146 9
286 1198 5
286 1327 19
286 1344 11
286 1393 10
286 1578 3
286 2238 9
301 310 33
301 338 8
301 389 7
301 413 16
301 432 12
301 438 16
301 475 25
301 522 15
301 533 7
301 544 14
301 548 6
301 589 18
301 592 28
301 604 36
301 677 2
301 740 11
301 783 29
301 824 6
301 846 5
301 855 4
301 956 1
301 976 13
301 1004 7
301 1146 11
301 1198 6
301 1327 39
301 1344 10
301 1393 7
301 1578 1
301 2238 11
310 338 27
310 389 31
310 413 29
310 432 29
310 438 26
310 475 12
310 522 41
310 533 36
310 544 20
310 548 22
310 589 27
310 592 31
310 604 57
310 677 11
310 740 21
310 783 31
310 824 21
310 846 15
310 855 11
310 956 21
310 976 25
310 1004 21
310 1146 78
310 1198 51
310 1327 71
310 1344 33
310 1393 30
310 1578 19
310 2238 51
338 389 7
338 413 24
338 432 5
338 438 7
338 475 45
338 522 19
338 533 28
338 544 22
338 548 14
338 589 13
338 592 21
338 604 19
338 677 27
338 740 7
338 783 17
338 824 34
338 846 14
338 855 8
338 956 22
338 976 14
338 1004 15
338 1146 12
338 1198 17
338 1327 14
338 1344 14
338 1393 15
338 1578 8
338 2238 16
389 413 10
389 432 8
389 438 14
389 475 17
389 522 7
389 533 9
389 544 5
389 548 10
389 589 7
389 592 3
389 604 10
389 677 4
389 740 4
389 783 9
389 824 5
389 846 6
389 855 2
389 956 7
389 976 6
389 1004 8
389 1146 16
389 1198 16
389 1327 7
389 1344 11
389 1393 3
389 1578 3
389 2238 31
413 432 13
413 438 9
413 475 27
413 522 9
413 533 14
413 544 8
413 548 11
413 589 9
413 592 9
413 604 26
413 677 12
413 740 7
413 783 15
413 824 21
413 846 9
413 855 7
413 956 15
413 976 9
413 1004 37
413 1146 8
413 1198 14
413 1327 28
413 1344 11
413 1393 11
413 1578 8
413 2238 14
432 438 12
432 475 12
432 522 9
432 544 8
432 548 6
432 589 17
432 592 17
432 604 20
432 677 3
432 740 10
432 783 13
432 824 2
432 846 11
432 855 13
432 956 7
432 976 11
432 1004 9
432 1146 16
432 1198 3
432 1327 16
432 1344 11
432 1393 9
432 1578 3
432 2238 15
438 475 29
438 522 10
438 533 12
438 544 9
438 548 15
438 589 20
438 592 17
438 604 12
438 677 17
438 740 18
438 783 13
438 824 13
438 846 1
438 855 5
438 956 5
438 976 16
438 1004 11
438 1146 6
438 1198 17
438 1327 15
438 1344 5
438 1393 17
438 1578 7
438 2238 16
475 522 36
475 533 38
475 544 29
475 548 13
475 589 14
475 592 37
475 604 28
475 677 37
475 740 17
475 783 18
475 824 30
475 846 12
475 855 14
475 956 30
475 976 24
475 1004 29
475 1146 41
475 1198 15
475 1327 44
475 1344 19
475 1393 27
475 1578 19
475 2238 18
522 533 14
522 544 23
522 548 3
522 589 15
522 592 11
522 604 28
522 677 12
522 740 5
522 783 8
522 824 13
522 846 10
522 855 5
522 956 11
522 976 6
522 1004 12
522 1146 13
522 1198 13
522 1327 18
522 1344 14
522 1393 11
522 1578 6
522 2238 13
533 544 20
533 548 8
533 589 20
533 592 18
533 604 23
533 677 17
533 740 15
533 783 25
533 824 19
533 846 11
533 855 8
533 956 20
533 976 12
533 1004 12
533 1146 22
533 1327 42
533 1344 8
533 1393 13
533 1578 14
533 2238 19
544 548 4
544 589 8
544 592 11
544 604 20
544 677 9
544 740 7
544 783 10
544 824 8
544 846 7
544 855 6
544 956 6
544 976 8
544 1004 7
544 1146 13
544 1198 11
544 1327 16
544 1344 9
544 1393 14
544 1578 5
544 2238 7
548 589 11
548 592 10
548 604 12
548 677 10
548 783 12
548 824 8
548 846 3
548 855 2
548 956 4
548 976 11
548 1004 16
548 1146 9
548 1198 10
548 1327 28
548 1344 22
548 1393 6
548 1578 3
548 2238 25
589 592 11
589 604 29
589 677 7
589 740 7
589 783 24
589 824 14
589 846 12
589 855 4
589 956 7
589 976 14
589 1004 5
589 1146 18
589 1198 21
589 1327 22
589 1344 7
589 1393 8
589 1578 4
589 2238 22
592 604 14
592 677 27
592 740 8
592 783 24
592 824 20
592 846 15
592 855 6
592 956 9
592 976 15
592 1004 16
592 1146 13
592 1198 31
592 1327 21
592 1344 18
592 1393 21
592 1578 15
592 2238 13
604 677 6
604 740 23
604 783 42
604 824 14
604 846 14
604 855 10
604 956 17
604 976 20
604 1004 14
604 1146 27
604 1198 31
604 1327 30
604 1344 13
604 1393 18
604 1578 6
604 2238 23
677 740 3
677 783 11
677 824 1
677 846 5
677 855 12
677 956 3
677 976 10
677 1004 28
677 1146 17
677 1198 9
677 1327 25
677 1344 9
677 1393 6
677 1578 12
677 2238 16
740 783 8
740 824 1
740 846 16
740 855 6
740 956 4
740 976 7
740 1004 5
740 1146 7
740 1198 10
740 1327 33
740 1344 9
740 1393 15
740 1578 4
740 2238 9
783 824 14
783 846 5
783 855 9
783 956 4
783 976 22
783 1004 9
783 1146 11
783 1198 16
783 1327 32
783 1344 13
783 1393 15
783 1578 8
783 2238 21
824 846 21
824 855 9
824 956 5
824 976 9
824 1004 20
824 1146 12
824 1198 13
824 1327 32
824 1344 10
824 1393 9
824 1578 13
824 2238 9
846 855 3
846 956 8
846 976 13
846 1004 18
846 1146 12
846 1198 20
846 1327 31
846 1344 25
846 1393 12
846 1578 2
846 2238 15
855 956 3
855 976 12
855 1004 2
855 1146 13
855 1198 8
855 1327 23
855 1344 9
855 1393 11
855 1578 2
855 2238 7
956 976 8
956 1004 7
956 1146 13
956 1198 6
956 1327 9
956 1344 12
956 1393 13
956 1578 2
956 2238 12
976 1004 11
976 1146 25
976 1198 18
976 1327 13
976 1344 13
976 1393 12
976 1578 6
976 2238 14
1004 1146 10
1004 1198 6
1004 1327 42
1004 1344 7
1004 1393 7
1004 1578 6
1004 2238 17
1146 1198 25
1146 1327 20
1146 1344 19
1146 1393 28
1146 1578 10
1146 2238 36
1198 1327 40
1198 1344 14
1198 1393 19
1198 1578 6
1198 2238 12
1327 1344 21
1327 1393 23
1327 1578 4
1327 2238 24
1344 1393 10
1344 1578 7
1344 2238 14
1393 1578 17
1393 2238 12
1578 2238 14
