9 19 22
9 32 67
9 36 10
9 37 4
9 38 49
9 39 192
9 41 117
9 48 183
9 60 10
9 65 31
9 79 7
9 89 17
9 94 9
9 101 11
9 110 2
9 117 16
9 123 5
9 147 9
9 156 7
9 161 8
9 170 12
9 179 7
9 185 11
9 189 18
9 201 13
9 208 14
9 225 6
9 237 18
9 249 2
9 255 11
9 270 6
9 271 15
9 286 5
9 301 13
9 310 28
9 338 20
9 352 27
9 438 5
9 475 18
9 522 9
9 533 7
9 570 7
9 589 12
9 592 4
9 604 22
9 647 6
9 677 7
9 740 7
9 749 9
9 769 6
9 783 13
9 824 12
9 846 3
9 855 6
9 956 5
9 976 11
9 1004 6
9 1034 4
9 1121 19
9 1146 9
9 1198 21
9 1233 5
9 1327 10
9 1344 5
9 1578 3
9 1715 3
9 1859 19
9 2238 6
9 3270 8
9 8978 3
19 32 38
19 36 5
19 37 1
19 38 20
19 39 116
19 41 58
19 48 100
19 60 11
19 65 16
19 79 3
19 89 12
19 94 3
19 101 12
19 110 5
19 123 3
19 147 7
19 156 4
19 161 2
19 170 6
19 179 2
19 185 6
19 189 6
19 201 4
19 208 3
19 225 3
19 237 13
19 249 4
19 255 1
19 270 3
19 271 1
19 301 3
19 310 14
19 338 3
19 352 8
19 438 3
19 475 13
19 522 3
19 533 5
19 570 1
19 589 4
19 592 9
19 604 7
19 677 7
19 740 4
19 749 2
19 769 1
19 783 5
19 824 3
19 846 3
19 855 3
19 956 1
19 976 1
19 1004 1
19 1034 1
19 1121 6
19 1146 3
19 1198 3
19 1233 2
19 1327 6
19 1344 3
19 1578 4
19 1715 1
19 1859 5
19 3270 8
19 8978 2
32 36 89
32 37 31
32 38 544
32 39 1744
32 41 1072
32 48 1633
32 60 85
32 65 139
32 79 68
32 89 118
32 94 45
32 101 94
32 110 80
32 117 57
32 123 57
32 147 80
32 156 50
32 161 36
32 170 122
32 179 50
32 185 57
32 189 44
32 201 47
32 208 34
32 225 125
32 237 130
32 249 45
32 255 61
32 270 93
32 271 100
32 286 35
32 301 55
32 310 160
32 338 59
32 352 111
32 438 76
32 475 123
32 522 65
32 533 75
32 570 38
32 589 50
32 592 45
32 604 81
32 647 20
32 677 59
32 740 39
32 749 48
32 769 22
32 783 64
32 824 69
32 846 50
32 855 39
32 956 37
32 976 48
32 1004 52
32 1034 25
32 1121 72
32 1146 101
32 1198 78
32 1233 39
32 1327 103
32 1344 67
32 1578 33
32 1715 80
32 1859 86
32 2238 63
32 3270 49
32 8978 68
36 37 12
36 38 549
36 39 381
36 41 231
36 48 252
36 60 15
36 65 18
36 79 13
36 89 21
36 94 5
36 101 13
36 110 32
36 117 10
36 123 8
36 147 15
36 156 9
36 161 8
36 170 41
36 179 8
36 185 4
36 189 12
36 201 6
36 208 7
36 225 22
36 237 28
36 249 18
36 255 13
36 270 10
36 271 14
36 286 13
36 301 8
36 310 23
36 338 8
36 352 5
36 438 13
36 475 11
36 522 8
36 533 10
36 570 5
36 589 9
36 592 5
36 604 12
36 647 10
36 677 7
36 740 21
36 749 6
36 769 11
36 783 11
36 824 4
36 846 12
36 855 9
36 956 2
36 976 5
36 1004 6
36 1034 12
36 1121 13
36 1146 15
36 1198 11
36 1233 6
36 1327 22
36 1344 23
36 1578 10
36 1715 9
36 1859 12
36 2238 15
36 3270 7
36 8978 12
37 38 205
37 39 129
37 41 81
37 48 113
37 65 7
37 79 5
37 89 16
37 94 1
37 101 3
37 110 8
37 117 4
37 123 3
37 147 10
37 156 5
37 161 2
37 170 12
37 179 1
37 185 2
37 189 2
37 201 4
37 208 2
37 225 5
37 237 17
37 249 4
37 255 4
37 270 3
37 271 2
37 286 5
37 301 3
37 310 5
37 338 6
37 352 1
37 438 11
37 475 5
37 522 3
37 533 3
37 570 5
37 592 4
37 604 3
37 647 2
37 677 2
37 740 1
37 749 1
37 769 5
37 783 1
37 824 4
37 846 4
37 855 3
37 956 1
37 976 1
37 1004 2
37 1034 3
37 1121 1
37 1146 3
37 1198 4
37 1327 5
37 1344 2
37 1578 4
37 1715 3
37 1859 2
37 2238 4
37 3270 4
37 8978 6
38 39 1977
38 41 1240
38 48 1413
38 60 53
38 65 108
38 79 55
38 89 127
38 94 27
38 101 55
38 110 509
38 117 44
38 123 44
38 147 67
38 156 55
38 161 38
38 170 690
38 179 36
38 185 34
38 189 37
38 201 31
38 208 38
38 225 100
38 237 125
38 249 60
38 255 56
38 270 60
38 271 60
38 286 204
38 301 33
38 310 103
38 338 45
38 352 47
38 438 86
38 475 81
38 522 42
38 533 50
38 570 45
38 589 36
38 592 32
38 604 70
38 647 57
38 677 30
38 740 58
38 749 22
38 769 75
38 783 33
38 824 33
38 846 47
38 855 50
38 956 31
38 976 37
38 1004 37
38 1034 75
38 1121 64
38 1146 69
38 1198 42
38 1233 28
38 1327 131
38 1344 80
38 1578 34
38 1715 43
38 1859 47
38 2238 63
38 3270 43
38 8978 62
39 41 3573
39 48 5308
39 60 259
39 65 411
39 79 221
39 89 465
39 94 109
39 101 241
39 110 318
39 117 181
39 123 145
39 147 196
39 156 156
39 161 113
39 170 459
39 179 128
39 185 140
39 189 137
39 201 144
39 208 159
39 225 359
39 237 381
39 249 158
39 255 218
39 270 180
39 271 242
39 286 122
39 301 142
39 310 429
39 338 147
39 352 207
39 438 286
39 475 353
39 522 186
39 533 207
39 570 130
39 589 142
39 592 140
39 604 266
39 647 89
39 677 146
39 740 153
39 749 130
39 769 124
39 783 174
39 824 164
39 846 132
39 855 126
39 956 113
39 976 124
39 1004 106
39 1034 125
39 1121 219
39 1146 238
39 1198 212
39 1233 106
39 1327 422
39 1344 200
39 1578 118
39 1715 169
39 1859 178
39 2238 208
39 3270 106
39 8978 237
41 48 2701
41 60 116
41 65 261
41 79 170
41 89 237
41 94 70
41 101 143
41 110 200
41 117 117
41 123 79
41 147 139
41 156 79
41 161 65
41 170 279
41 179 77
41 185 83
41 189 91
41 201 86
41 208 93
41 225 225
41 237 203
41 249 82
41 255 103
41 270 147
41 271 171
41 286 80
41 301 86
41 310 271
41 338 95
41 352 159
41 438 122
41 475 218
41 522 97
41 533 117
41 570 69
41 589 74
41 592 88
41 604 136
41 647 52
41 677 77
41 740 65
41 749 84
41 769 60
41 783 110
41 824 100
41 846 90
41 855 77
41 956 71
41 976 78
41 1004 67
41 1034 60
41 1121 118
41 1146 176
41 1198 122
41 1233 73
41 1327 208
41 1344 122
41 1578 56
41 1715 104
41 1859 127
41 2238 135
41 3270 68
41 8978 151
48 60 202
48 65 390
48 79 160
48 89 463
48 94 97
48 101 236
48 110 231
48 117 196
48 123 150
48 147 193
48 156 129
48 161 89
48 170 301
48 179 128
48 185 118
48 189 112
48 201 152
48 208 148
48 225 236
48 237 321
48 249 130
48 255 220
48 270 134
48 271 155
48 286 93
48 301 132
48 310 378
48 338 161
48 352 228
48 438 219
48 475 321
48 522 165
48 533 176
48 570 124
48 589 117
48 592 131
48 604 206
48 647 66
48 677 127
48 740 90
48 749 118
48 769 92
48 783 178
48 824 159
48 846 110
48 855 125
48 956 99
48 976 128
48 1004 114
48 1034 85
48 1121 209
48 1146 197
48 1198 185
48 1233 98
48 1327 337
48 1344 162
48 1578 96
48 1715 162
48 1859 180
48 2238 135
48 3270 116
48 8978 179
60 65 31
60 79 5
60 89 35
60 94 13
60 101 3
60 110 10
60 117 12
60 123 13
60 147 16
60 156 5
60 161 5
60 170 9
60 179 1
60 185 15
60 189 11
60 201 15
60 208 8
60 225 15
60 237 18
60 249 9
60 255 11
60 270 6
60 271 9
60 286 3
60 301 21
60 310 36
60 352 17
60 438 9
60 475 12
60 522 10
60 533 7
60 570 7
60 589 12
60 592 9
60 604 58
60 647 2
60 677 6
60 740 8
60 749 12
60 769 2
60 783 19
60 824 4
60 846 2
60 855 1
60 956 2
60 976 10
60 1004 6
60 1034 6
60 1121 28
60 1146 13
60 1198 21
60 1233 12
60 1327 11
60 1344 7
60 1578 5
60 1715 24
60 1859 13
60 2238 5
60 3270 6
60 8978 2
65 79 12
65 89 52
65 94 12
65 101 35
65 110 16
65 117 35
65 123 9
65 147 25
65 156 17
65 161 11
65 170 28
65 179 16
65 185 13
65 189 19
65 201 29
65 208 16
65 225 25
65 237 33
65 249 19
65 255 27
65 270 11
65 271 30
65 286 7
65 301 26
65 310 51
65 338 22
65 352 29
65 438 19
65 475 33
65 522 19
65 533 14
65 570 12
65 589 17
65 592 12
65 604 30
65 647 7
65 677 12
65 740 8
65 749 11
65 769 9
65 783 35
65 824 20
65 846 11
65 855 8
65 956 15
65 976 24
65 1004 11
65 1034 9
65 1121 35
65 1146 17
65 1198 24
65 1233 26
65 1327 40
65 1344 13
65 1578 9
65 1715 15
65 1859 37
65 2238 15
65 3270 12
65 8978 26
79 89 13
79 94 5
79 101 12
79 110 6
79 117 7
79 123 1
79 147 6
79 156 2
79 161 5
79 170 12
79 179 3
79 185 6
79 189 5
79 201 6
79 208 5
79 225 32
79 237 9
79 249 9
79 255 5
79 270 11
79 271 15
79 286 1
79 301 6
79 310 17
79 338 6
79 352 7
79 438 10
79 475 21
79 522 9
79 533 6
79 570 4
79 589 5
79 592 4
79 604 10
79 647 4
79 677 4
79 740 2
79 749 8
79 769 5
79 783 10
79 824 3
79 846 7
79 855 9
79 956 2
79 976 8
79 1004 8
79 1034 4
79 1121 10
79 1146 20
79 1198 11
79 1233 4
79 1327 18
79 1344 7
79 1578 2
79 1715 7
79 1859 10
79 2238 22
79 3270 6
79 8978 7
89 94 14
89 101 38
89 110 12
89 117 21
89 123 16
89 147 22
89 156 17
89 161 11
89 170 31
89 179 14
89 185 7
89 189 10
89 201 30
89 208 24
89 225 18
89 237 35
89 249 15
89 255 18
89 270 7
89 271 13
89 286 8
89 301 18
89 310 50
89 338 19
89 352 28
89 438 19
89 475 30
89 522 16
89 533 27
89 570 15
89 589 17
89 592 25
89 604 19
89 647 6
89 677 8
89 740 12
89 749 6
89 769 7
89 783 18
89 824 15
89 846 13
89 855 9
89 956 11
89 976 6
89 1004 8
89 1034 8
89 1121 26
89 1146 11
89 1198 28
89 1233 13
89 1327 31
89 1344 13
89 1578 12
89 1715 21
89 1859 12
89 2238 11
89 3270 4
89 8978 8
94 101 7
94 110 2
94 117 13
94 123 5
94 147 3
94 156 1
94 161 1
94 170 5
94 179 3
94 185 6
94 189 5
94 201 7
94 208 5
94 225 11
94 237 11
94 249 7
94 255 4
94 270 4
94 271 7
94 286 3
94 301 8
94 310 18
94 338 7
94 352 25
94 438 4
94 475 11
94 522 4
94 533 9
94 570 6
94 589 6
94 592 5
94 604 15
94 677 3
94 740 3
94 749 8
94 783 10
94 824 3
94 846 5
94 855 5
94 956 2
94 976 19
94 1004 3
94 1121 6
94 1146 11
94 1198 8
94 1233 14
94 1327 2
94 1344 6
94 1578 2
94 1715 11
94 1859 21
94 2238 4
94 3270 4
101 110 7
101 117 17
101 123 7
101 147 17
101 156 4
101 161 4
101 170 18
101 179 7
101 185 9
101 189 15
101 201 24
101 208 15
101 225 12
101 237 35
101 249 8
101 255 23
101 270 5
101 271 12
101 286 1
101 301 26
101 310 29
101 338 9
101 352 22
101 438 8
101 475 29
101 522 19
101 533 18
101 570 8
101 589 12
101 592 5
101 604 22
101 647 5
101 677 7
101 740 7
101 749 9
101 769 4
101 783 16
101 824 28
101 846 12
101 855 5
101 956 7
101 976 12
101 1004 8
101 1034 3
101 1121 23
101 1146 7
101 1198 17
101 1233 8
101 1327 23
101 1344 3
101 1578 4
101 1715 11
101 1859 21
101 2238 12
101 3270 8
101 8978 8
110 117 2
110 123 7
110 147 3
110 156 7
110 161 8
110 170 31
110 179 3
110 185 4
110 189 7
110 201 2
110 208 4
110 225 10
110 237 18
110 249 11
110 255 4
110 270 11
110 271 6
110 286 5
110 301 1
110 310 8
110 338 2
110 352 5
110 438 9
110 475 13
110 522 5
110 533 9
110 570 8
110 589 6
110 592 3
110 604 9
110 647 13
110 677 2
110 740 3
110 749 2
110 769 21
110 783 2
110 824 3
110 846 3
110 855 10
110 956 6
110 976 4
110 1004 11
110 1034 21
110 1121 8
110 1146 9
110 1198 1
110 1233 3
110 1327 22
110 1344 4
110 1578 3
110 1715 10
110 1859 5
110 2238 5
110 3270 6
110 8978 10
117 123 7
117 147 10
117 156 3
117 161 11
117 170 13
117 179 7
117 185 12
117 189 6
117 201 13
117 208 16
117 225 9
117 237 17
117 249 7
117 255 6
117 270 9
117 271 10
117 286 4
117 301 4
117 310 22
117 338 18
117 352 7
117 438 7
117 475 18
117 522 6
117 533 11
117 570 8
117 589 7
117 592 12
117 604 14
117 647 2
117 677 7
117 740 9
117 749 11
117 769 1
117 783 11
117 824 8
117 846 9
117 855 9
117 956 10
117 976 126
117 1004 9
117 1034 3
117 1121 10
117 1146 9
117 1198 23
117 1233 15
117 1327 12
117 1344 7
117 1578 3
117 1715 10
117 1859 21
117 2238 6
117 3270 7
117 8978 8
123 147 13
123 156 4
123 161 3
123 170 8
123 179 6
123 185 3
123 189 4
123 201 10
123 208 4
123 225 7
123 237 13
123 255 8
123 270 3
123 271 4
123 286 1
123 301 6
123 310 18
123 338 13
123 352 11
123 438 7
123 475 12
123 522 11
123 533 6
123 570 9
123 589 5
123 592 16
123 604 8
123 677 10
123 740 3
123 749 7
123 769 3
123 783 9
123 824 8
123 846 4
123 855 2
123 956 4
123 976 10
123 1004 7
123 1034 3
123 1121 9
123 1146 4
123 1198 10
123 1233 6
123 1327 14
123 1344 8
123 1578 1
123 1715 4
123 1859 8
123 2238 4
123 8978 3
147 156 3
147 170 13
147 179 38
147 185 14
147 189 9
147 201 10
147 208 15
147 225 14
147 237 24
147 249 3
147 255 7
147 270 10
147 271 13
147 286 6
147 301 2
147 310 24
147 338 19
147 352 15
147 438 8
147 475 21
147 522 6
147 533 11
147 570 6
147 589 7
147 592 11
147 604 10
147 647 2
147 677 2
147 740 5
147 749 14
147 769 5
147 783 7
147 824 4
147 846 3
147 855 5
147 956 3
147 976 5
147 1004 12
147 1034 7
147 1121 18
147 1146 2
147 1198 13
147 1233 7
147 1327 14
147 1344 18
147 1578 9
147 1715 8
147 1859 12
147 2238 10
147 3270 5
147 8978 9
156 161 2
156 170 15
156 179 5
156 185 6
156 189 4
156 201 4
156 208 4
156 225 5
156 237 9
156 249 5
156 255 8
156 270 3
156 271 2
156 286 7
156 301 3
156 310 17
156 338 3
156 352 2
156 438 2
156 475 13
156 522 2
156 533 4
156 570 2
156 589 4
156 592 2
156 604 5
156 647 6
156 677 4
156 740 4
156 749 2
156 769 10
156 783 2
156 824 4
156 846 5
156 956 3
156 976 1
156 1004 3
156 1034 5
156 1121 11
156 1146 3
156 1198 10
156 1233 2
156 1327 11
156 1344 4
156 1578 4
156 1715 2
156 1859 4
156 2238 3
156 3270 3
156 8978 22
161 170 7
161 179 2
161 185 1
161 189 6
161 201 4
161 208 3
161 225 5
161 237 7
161 249 6
161 255 7
161 270 4
161 271 6
161 301 3
161 310 12
161 338 11
161 352 1
161 438 7
161 475 6
161 522 1
161 533 9
161 570 2
161 589 2
161 604 10
161 647 4
161 740 1
161 749 4
161 769 5
161 783 5
161 824 2
161 846 1
161 855 5
161 976 6
161 1004 2
161 1034 2
161 1121 4
161 1146 8
161 1198 7
161 1233 5
161 1327 10
161 1344 10
161 1715 3
161 1859 3
161 2238 1
161 3270 4
161 8978 1
170 179 9
170 185 8
170 189 5
170 201 7
170 208 11
170 225 16
170 237 21
170 249 10
170 255 14
170 270 11
170 271 10
170 286 10
170 301 5
170 310 27
170 338 14
170 352 16
170 438 22
170 475 19
170 522 8
170 533 9
170 570 17
170 589 12
170 592 5
170 604 13
170 647 21
170 677 6
170 740 13
170 749 9
170 769 24
170 783 5
170 824 9
170 846 7
170 855 9
170 956 12
170 976 13
170 1004 5
170 1034 20
170 1121 10
170 1146 17
170 1198 12
170 1233 2
170 1327 30
170 1344 18
170 1578 4
170 1715 6
170 1859 14
170 2238 14
170 3270 14
170 8978 12
179 185 5
179 201 4
179 208 6
179 225 5
179 237 3
179 249 4
179 255 9
179 270 5
179 271 6
179 286 3
179 301 28
179 310 12
179 338 1
179 352 7
179 438 10
179 475 13
179 522 4
179 533 7
179 570 3
179 589 5
179 592 5
179 604 12
179 647 2
179 677 2
179 740 1
179 749 7
179 769 2
179 783 8
179 824 23
179 846 6
179 855 2
179 956 5
179 976 7
179 1004 6
179 1034 2
179 1121 12
179 1146 3
179 1198 5
179 1233 3
179 1327 17
179 1344 5
179 1578 4
179 1715 10
179 1859 4
179 2238 3
179 3270 3
179 8978 3
185 189 4
185 201 11
185 208 3
185 225 6
185 237 15
185 249 8
185 255 9
185 270 6
185 271 7
185 286 1
185 301 9
185 310 21
185 338 11
185 352 11
185 438 7
185 475 11
185 522 2
185 533 5
185 570 3
185 589 8
185 592 2
185 604 17
185 647 4
185 677 5
185 740 4
185 749 3
185 769 3
185 783 8
185 824 9
185 846 2
185 855 4
185 956 7
185 976 7
185 1004 5
185 1034 3
185 1121 4
185 1146 3
185 1198 11
185 1233 12
185 1327 9
185 1344 3
185 1578 5
185 1715 11
185 1859 10
185 2238 4
185 3270 5
185 8978 7
189 201 10
189 208 4
189 225 10
189 237 14
189 249 2
189 255 3
189 270 9
189 271 5
189 286 2
189 301 6
189 310 10
189 338 5
189 352 12
189 438 1
189 475 9
189 522 6
189 533 9
189 570 4
189 589 5
189 592 8
189 604 12
189 647 1
189 677 7
189 740 2
189 749 4
189 769 3
189 783 12
189 824 7
189 846 2
189 855 2
189 956 6
189 976 4
189 1004 2
189 1121 11
189 1146 6
189 1198 8
189 1233 1
189 1327 9
189 1344 7
189 1578 1
189 1715 7
189 1859 7
189 2238 10
189 3270 9
189 8978 4
201 208 16
201 225 9
201 237 8
201 249 9
201 255 12
201 270 4
201 271 8
201 286 3
201 301 7
201 310 15
201 338 13
201 352 14
201 438 3
201 475 15
201 522 17
201 533 10
201 570 6
201 589 9
201 592 3
201 604 13
201 677 8
201 740 2
201 749 6
201 769 1
201 783 8
201 824 11
201 846 3
201 855 5
201 956 9
201 976 10
201 1004 7
201 1034 2
201 1121 11
201 1146 9
201 1198 18
201 1233 3
201 1327 15
201 1344 5
201 1578 5
201 1715 12
201 1859 13
201 2238 4
201 3270 6
201 8978 3
208 225 13
208 237 1
208 249 3
208 255 9
208 270 6
208 271 1
208 286 2
208 301 8
208 310 17
208 338 9
208 352 7
208 438 7
208 475 12
208 522 5
208 533 6
208 570 6
208 589 11
208 592 12
208 604 10
208 647 3
208 677 7
208 740 3
208 749 6
208 769 2
208 783 5
208 824 12
208 846 6
208 855 1
208 956 6
208 976 6
208 1034 1
208 1121 14
208 1146 7
208 1198 11
208 1233 6
208 1327 15
208 1344 3
208 1578 4
208 1715 2
208 1859 7
208 2238 3
208 3270 6
208 8978 7
225 237 20
225 249 13
225 255 15
225 270 48
225 271 62
225 286 7
225 301 9
225 310 33
225 338 7
225 352 15
225 438 10
225 475 18
225 522 5
225 533 13
225 570 7
225 589 8
225 592 5
225 604 20
225 647 3
225 677 6
225 740 5
225 749 11
225 769 6
225 783 14
225 824 5
225 846 9
225 855 6
225 956 7
225 976 10
225 1004 8
225 1034 2
225 1121 14
225 1146 25
225 1198 12
225 1233 12
225 1327 13
225 1344 11
225 1578 7
225 1715 16
225 1859 13
225 2238 57
225 3270 7
225 8978 2
237 249 35
237 255 22
237 270 15
237 271 5
237 286 5
237 301 14
237 310 44
237 338 16
237 352 23
237 438 22
237 475 48
237 522 18
237 533 12
237 570 8
237 589 14
237 592 12
237 604 23
237 647 6
237 677 9
237 740 10
237 749 12
237 769 9
237 783 16
237 824 13
237 846 10
237 855 8
237 956 1
237 976 13
237 1004 1
237 1034 11
237 1121 19
237 1146 14
237 1198 12
237 1233 12
237 1327 28
237 1344 17
237 1578 12
237 1715 8
237 1859 22
237 2238 8
237 3270 13
237 8978 12
249 255 5
249 270 9
249 271 12
249 286 2
249 301 2
249 310 23
249 338 3
249 352 7
249 438 4
249 475 11
249 522 7
249 533 4
249 570 6
249 589 8
249 592 7
249 604 13
249 647 2
249 740 5
249 749 5
249 769 3
249 783 6
249 824 5
249 846 4
249 855 1
249 956 1
249 976 4
249 1004 3
249 1034 5
249 1121 7
249 1146 2
249 1198 9
249 1233 5
249 1327 13
249 1344 8
249 1578 3
249 1715 8
249 1859 5
249 2238 6
249 3270 4
249 8978 7
255 270 2
255 271 11
255 286 4
255 301 5
255 310 26
255 338 7
255 352 7
255 438 8
255 475 12
255 522 8
255 533 11
255 570 5
255 589 8
255 592 7
255 604 14
255 647 6
255 677 4
255 740 4
255 749 4
255 769 5
255 783 8
255 824 5
255 846 4
255 855 4
255 956 5
255 976 6
255 1004 3
255 1034 4
255 1121 17
255 1146 10
255 1198 8
255 1233 6
255 1327 11
255 1344 6
255 1578 3
255 1715 6
255 1859 7
255 2238 7
255 3270 1
255 8978 4
270 271 104
270 286 6
270 301 2
270 310 15
270 338 3
270 352 12
270 438 14
270 475 13
270 522 3
270 533 10
270 570 4
270 589 1
270 592 5
270 604 1
270 677 3
270 740 2
270 749 5
270 783 7
270 824 2
270 846 1
270 855 5
270 956 6
270 976 5
270 1004 9
270 1121 6
270 1146 10
270 1198 4
270 1233 7
270 1327 9
270 1344 11
270 1578 5
270 1715 6
270 1859 12
270 2238 57
270 3270 3
270 8978 18
271 286 4
271 301 3
271 310 18
271 338 6
271 352 16
271 438 6
271 475 9
271 522 6
271 533 9
271 570 4
271 589 4
271 592 6
271 604 12
271 647 3
271 677 2
271 740 4
271 749 9
271 769 1
271 783 10
271 824 5
271 846 4
271 855 6
271 956 5
271 976 6
271 1004 6
271 1121 12
271 1146 14
271 1198 4
271 1233 13
271 1327 14
271 1344 6
271 1715 12
271 1859 10
271 2238 59
271 3270 2
271 8978 14
286 301 3
286 310 4
286 338 1
286 352 2
286 438 4
286 475 5
286 522 4
286 533 3
286 570 1
286 589 2
286 592 2
286 604 5
286 647 3
286 677 3
286 749 2
286 769 4
286 783 1
286 846 3
286 855 3
286 976 2
286 1004 1
286 1034 6
286 1121 8
286 1146 3
286 1198 3
286 1233 2
286 1327 11
286 1344 5
286 1578 2
286 1859 2
286 2238 2
286 3270 3
286 8978 5
301 310 20
301 338 3
301 352 7
301 438 5
301 475 12
301 522 6
301 533 3
301 570 5
301 589 9
301 592 10
301 604 20
301 677 1
301 740 1
301 749 10
301 769 2
301 783 14
301 824 3
301 846 1
301 855 2
301 976 5
301 1004 5
301 1034 3
301 1121 12
301 1146 8
301 1198 3
301 1233 4
301 1327 17
301 1344 3
301 1715 11
301 1859 9
301 2238 4
301 3270 9
301 8978 5
310 338 16
310 352 30
310 438 12
310 475 7
310 522 30
310 533 18
310 570 8
310 589 17
310 592 8
310 604 29
310 647 3
310 677 5
310 740 4
310 749 11
310 769 5
310 783 14
310 824 9
310 846 10
310 855 4
310 956 12
310 976 14
310 1004 12
310 1034 8
310 1121 20
310 1146 34
310 1198 31
310 1233 14
310 1327 32
310 1344 22
310 1578 12
310 1715 29
310 1859 33
310 2238 19
310 8978 23
338 352 6
338 438 3
338 475 25
338 522 10
338 533 12
338 570 1
338 589 4
338 592 7
338 604 13
338 677 9
338 740 1
338 749 5
338 769 1
338 783 7
338 824 22
338 846 7
338 855 3
338 956 13
338 976 9
338 1004 4
338 1034 2
338 1121 15
338 1146 9
338 1198 12
338 1233 3
338 1327 8
338 1344 11
338 1578 3
338 1715 6
338 1859 8
338 2238 5
338 3270 3
338 8978 5
352 438 7
352 475 22
352 522 12
352 533 17
352 570 5
352 589 10
352 592 9
352 604 29
352 647 1
352 677 11
352 740 5
352 749 24
352 783 25
352 824 10
352 846 8
352 855 6
352 956 3
352 976 20
352 1004 11
352 1121 17
352 1146 21
352 1198 16
352 1233 20
352 1327 15
352 1344 9
352 1578 4
352 1715 22
352 1859 154
352 2238 7
352 3270 6
438 475 13
438 522 7
438 533 8
438 570 5
438 589 9
438 592 4
438 604 8
438 647 2
438 677 8
438 740 8
438 749 9
438 769 5
438 783 8
438 824 9
438 846 1
438 855 2
438 956 3
438 976 7
438 1004 6
438 1034 2
438 1121 2
438 1198 9
438 1233 3
438 1327 4
438 1344 2
438 1578 1
438 1715 10
438 1859 7
438 2238 9
438 3270 6
438 8978 8
475 522 27
475 533 17
475 570 11
475 589 8
475 592 12
475 604 11
475 647 2
475 677 16
475 740 6
475 749 7
475 769 4
475 783 6
475 824 17
475 846 7
475 855 7
475 956 14
475 976 10
475 1004 12
475 1034 4
475 1121 5
475 1146 21
475 1198 9
475 1233 9
475 1327 23
475 1344 9
475 1578 5
475 1715 13
475 1859 16
475 2238 8
475 3270 1
475 8978 8
522 533 5
522 570 5
522 589 6
522 592 4
522 604 22
522 647 3
522 677 10
522 749 5
522 769 1
522 783 6
522 824 10
522 846 7
522 855 2
522 956 6
522 976 3
522 1004 8
522 1034 2
522 1121 15
522 1146 10
522 1198 9
522 1233 1
522 1327 11
522 1344 9
522 1578 2
522 1715 18
522 1859 8
522 2238 8
522 3270 9
522 8978 5
533 570 4
533 589 8
533 592 10
533 604 9
533 647 1
533 677 6
533 740 4
533 749 4
533 783 7
533 824 6
533 846 5
533 855 5
533 956 10
533 976 4
533 1004 5
533 1034 1
533 1121 9
533 1146 7
533 1233 5
533 1327 18
533 1344 5
533 1578 5
533 1715 7
533 1859 13
533 2238 5
533 3270 2
533 8978 8
570 589 3
570 592 5
570 604 2
570 647 3
570 677 3
570 740 1
570 749 2
570 769 2
570 783 6
570 824 8
570 846 1
570 855 3
570 956 1
570 976 4
570 1004 1
570 1034 3
570 1121 4
570 1146 4
570 1198 12
570 1233 3
570 1327 7
570 1344 4
570 1578 1
570 1715 4
570 1859 7
570 2238 3
570 3270 5
570 8978 4
589 592 2
589 604 14
589 647 1
589 677 1
589 740 4
589 749 4
589 769 2
589 783 9
589 824 5
589 846 4
589 855 2
589 956 3
589 976 9
589 1004 2
589 1034 3
589 1121 9
589 1146 10
589 1198 11
589 1233 7
589 1327 12
589 1344 4
589 1578 3
589 1715 11
589 1859 11
589 2238 7
589 3270 6
589 8978 2
592 604 5
592 647 2
592 677 11
592 740 3
592 749 7
592 769 1
592 783 11
592 824 10
592 846 7
592 855 3
592 956 5
592 976 7
592 1004 10
592 1034 1
592 1121 6
592 1146 1
592 1198 17
592 1233 2
592 1327 10
592 1344 9
592 1578 5
592 1715 6
592 1859 6
592 2238 2
592 3270 1
592 8978 2
604 647 2
604 677 2
604 740 12
604 749 14
604 769 1
604 783 24
604 824 11
604 846 7
604 855 3
604 956 8
604 976 13
604 1004 8
604 1034 4
604 1121 39
604 1146 17
604 1198 15
604 1233 11
604 1327 12
604 1344 11
604 1578 2
604 1715 31
604 1859 19
604 2238 16
604 3270 11
604 8978 3
647 677 1
647 740 3
647 769 141
647 783 1
647 824 4
647 846 1
647 976 1
647 1004 1
647 1034 69
647 1121 4
647 1146 2
647 1198 3
647 1233 2
647 1327 3
647 1344 1
647 1578 3
647 1859 3
647 2238 2
647 8978 1
677 740 1
677 749 4
677 769 1
677 783 5
677 846 2
677 855 4
677 956 1
677 976 6
677 1004 14
677 1034 1
677 1121 8
677 1146 6
677 1198 5
677 1233 1
677 1327 10
677 1344 6
677 1578 4
677 1715 4
677 1859 6
677 2238 3
677 3270 5
677 8978 4
740 749 1
740 769 4
740 783 4
740 846 5
740 855 4
740 956 2
740 976 3
740 1004 2
740 1034 2
740 1121 6
740 1146 3
740 1198 7
740 1233 4
740 1327 17
740 1344 4
740 1578 2
740 1715 7
740 1859 4
740 2238 5
740 3270 2
740 8978 3
749 769 1
749 783 11
749 824 5
749 846 6
749 855 3
749 956 6
749 976 7
749 1004 5
749 1034 1
749 1121 13
749 1146 9
749 1198 10
749 1233 4
749 1327 8
749 1344 8
749 1578 3
749 1715 19
749 1859 15
749 2238 3
749 3270 7
769 783 2
769 824 3
769 846 1
769 956 1
769 976 1
769 1004 1
769 1034 166
769 1121 5
769 1146 1
769 1198 5
769 1233 1
769 1327 4
769 1344 3
769 1578 2
769 1715 1
769 1859 1
769 2238 2
769 8978 1
783 824 6
783 846 4
783 855 3
783 956 2
783 976 9
783 1004 4
783 1034 3
783 1121 18
783 1146 8
783 1198 10
783 1233 9
783 1327 20
783 1344 6
783 1578 4
783 1715 17
783 1859 21
783 2238 12
783 3270 3
783 8978 9
824 846 12
824 855 5
824 956 2
824 976 8
824 1004 7
824 1034 3
824 1121 11
824 1146 7
824 1198 7
824 1233 3
824 1327 11
824 1344 6
824 1578 8
824 1715 9
824 1859 11
824 3270 4
824 8978 5
846 855 2
846 956 3
846 976 7
846 1004 9
846 1121 7
846 1146 5
846 1198 14
846 1233 2
846 1327 17
846 1344 12
846 1715 5
846 1859 8
846 2238 7
846 3270 3
846 8978 3
855 956 2
855 976 7
855 1004 2
855 1121 6
855 1146 4
855 1198 5
855 1233 4
855 1327 7
855 1344 6
855 1715 3
855 1859 3
855 2238 2
855 3270 5
855 8978 4
956 976 5
956 1004 4
956 1121 10
956 1146 6
956 1198 4
956 1233 3
956 1327 4
956 1344 5
956 1715 1
956 1859 3
956 2238 3
956 3270 2
956 8978 1
976 1004 7
976 1034 1
976 1121 12
976 1146 13
976 1198 12
976 1233 16
976 1327 10
976 1344 6
976 1578 1
976 1715 11
976 1859 6
976 2238 6
976 3270 9
976 8978 5
1004 1034 5
1004 1121 11
1004 1146 3
1004 1198 4
1004 1327 20
1004 1344 1
1004 1578 4
1004 1715 2
1004 1859 11
1004 2238 8
1004 3270 1
1004 8978 5
1034 1121 8
1034 1146 1
1034 1198 3
1034 1233 1
1034 1344 6
1034 1578 1
1034 2238 1
1034 8978 3
1121 1146 15
1121 1198 11
1121 1233 14
1121 1327 13
1121 1344 11
1121 1578 2
1121 1715 12
1121 1859 10
1121 2238 10
1121 3270 10
1121 8978 7
1146 1198 12
1146 1233 5
1146 1327 6
1146 1344 9
1146 1578 2
1146 1715 17
1146 1859 19
1146 2238 15
1146 3270 6
1146 8978 6
1198 1233 10
1198 1327 25
1198 1344 10
1198 1578 3
1198 1715 9
1198 1859 18
1198 2238 4
1198 3270 6
1198 8978 12
1233 1327 10
1233 1344 3
1233 1578 2
1233 1715 13
1233 1859 17
1233 2238 4
1233 3270 5
1327 1344 7
1327 1715 14
1327 1859 13
1327 2238 10
1327 3270 5
1327 8978 6
1344 1578 3
1344 1715 7
1344 1859 6
1344 2238 9
1344 3270 9
1344 8978 9
1578 1715 4
1578 1859 3
1578 2238 5
1578 8978 9
1715 1859 13
1715 2238 4
1715 3270 4
1715 8978 1
1859 2238 8
1859 3270 7
1859 8978 4
2238 3270 1
2238 8978 13
3270 8978 6
