9 11 2
9 32 16
9 36 3
9 37 1
9 38 13
9 39 49
9 41 30
9 48 41
9 60 4
9 65 5
9 66 3
9 79 2
9 89 5
9 94 4
9 101 4
9 117 3
9 123 2
9 147 1
9 170 4
9 179 2
9 185 5
9 189 6
9 201 3
9 208 8
9 225 1
9 237 5
9 249 1
9 255 3
9 270 1
9 271 1
9 286 1
9 301 3
9 310 12
9 338 10
9 348 4
9 352 11
9 374 4
9 381 1
9 413 4
9 438 2
9 475 6
9 479 4
9 522 2
9 533 1
9 536 5
9 548 1
9 589 6
9 592 1
9 604 11
9 677 1
9 749 6
9 783 4
9 824 3
9 855 1
9 856 8
9 956 1
9 976 3
9 1004 1
9 1121 5
9 1146 4
9 1198 5
9 1233 2
9 1327 1
9 1393 2
9 1715 2
9 1859 6
9 2238 3
9 2990 3
9 3735 4
9 3966 5
11 32 6
11 38 8
11 39 33
11 41 18
11 48 33
11 60 5
11 65 5
11 66 1
11 79 1
11 89 5
11 94 3
11 101 2
11 117 2
11 147 1
11 170 3
11 179 1
11 189 2
11 225 5
11 249 3
11 255 1
11 271 2
11 286 1
11 301 1
11 310 5
11 340 1
11 348 1
11 352 4
11 374 1
11 381 2
11 438 1
11 475 5
11 479 1
11 522 2
11 533 2
11 570 1
11 589 1
11 592 2
11 604 5
11 749 3
11 783 6
11 855 1
11 856 1
11 976 3
11 1121 1
11 1146 1
11 1198 1
11 1233 2
11 1327 4
11 1393 1
11 1659 2
11 1715 6
11 2238 2
11 2990 1
11 3735 1
11 3966 1
32 36 26
32 37 7
32 38 154
32 39 393
32 41 233
32 48 362
32 49 10
32 60 28
32 65 35
32 66 9
32 79 24
32 89 22
32 94 9
32 101 24
32 110 25
32 117 8
32 123 13
32 147 23
32 161 10
32 170 29
32 179 15
32 185 18
32 189 16
32 201 12
32 208 11
32 225 37
32 237 31
32 249 9
32 255 14
32 270 24
32 271 25
32 286 15
32 301 20
32 310 32
32 338 15
32 340 7
32 348 14
32 352 33
32 374 12
32 381 13
32 413 8
32 438 21
32 475 28
32 479 5
32 522 17
32 533 25
32 535 8
32 536 8
32 548 15
32 570 8
32 589 14
32 592 14
32 604 26
32 677 17
32 740 12
32 749 26
32 783 17
32 824 13
32 855 10
32 856 12
32 956 10
32 976 7
32 1004 11
32 1121 21
32 1146 11
32 1198 15
32 1233 13
32 1327 22
32 1393 13
32 1659 3
32 1715 23
32 1859 16
32 2238 15
32 2990 16
32 3735 9
32 3966 8
36 37 2
36 38 145
36 39 107
36 41 64
36 48 67
36 49 1
36 60 6
36 65 3
36 66 1
36 79 3
36 89 10
36 94 1
36 101 3
36 110 9
36 117 3
36 123 2
36 147 4
36 161 2
36 170 10
36 179 4
36 189 4
36 201 2
36 208 2
36 225 9
36 237 7
36 249 4
36 255 6
36 270 2
36 271 1
36 286 4
36 301 4
36 310 8
36 338 4
36 340 2
36 352 4
36 374 3
36 381 1
36 413 2
36 438 4
36 475 5
36 479 2
36 522 3
36 533 3
36 535 2
36 548 1
36 570 1
36 589 5
36 592 1
36 604 5
36 677 3
36 740 5
36 749 2
36 783 3
36 824 1
36 855 1
36 856 3
36 956 1
36 976 3
36 1004 1
36 1121 7
36 1146 2
36 1198 4
36 1233 1
36 1327 7
36 1393 2
36 1659 1
36 1715 3
36 1859 4
36 2238 2
36 2990 2
36 3966 6
37 38 53
37 39 32
37 41 23
37 48 28
37 65 2
37 66 1
37 79 1
37 89 5
37 101 1
37 110 2
37 117 2
37 123 1
37 147 3
37 161 1
37 170 6
37 189 1
37 225 1
37 237 3
37 255 3
37 270 1
37 271 1
37 286 2
37 310 1
37 338 1
37 340 1
37 438 2
37 479 1
37 522 1
37 536 1
37 570 1
37 592 1
37 604 1
37 677 1
37 855 1
37 1004 1
37 1198 2
37 1327 2
37 1393 1
38 39 566
38 41 344
38 48 400
38 49 9
38 60 20
38 65 32
38 66 5
38 79 15
38 89 39
38 94 8
38 101 14
38 110 153
38 117 10
38 123 9
38 147 24
38 161 15
38 170 194
38 179 12
38 185 8
38 189 17
38 201 7
38 208 12
38 225 41
38 237 29
38 249 18
38 255 17
38 270 20
38 271 16
38 286 54
38 301 11
38 310 30
38 338 14
38 340 8
38 348 10
38 352 18
38 374 11
38 381 8
38 413 9
38 438 19
38 475 23
38 479 10
38 522 13
38 533 12
38 535 9
38 536 16
38 548 12
38 570 12
38 589 12
38 592 10
38 604 33
38 677 9
38 740 19
38 749 10
38 783 11
38 824 10
38 855 12
38 856 5
38 956 10
38 976 11
38 1004 5
38 1121 29
38 1146 15
38 1198 14
38 1233 11
38 1327 35
38 1393 9
38 1659 5
38 1715 21
38 1859 13
38 2238 18
38 2990 12
38 3735 11
38 3966 13
39 41 890
39 48 1361
39 49 37
39 60 95
39 65 98
39 66 29
39 79 59
39 89 121
39 94 44
39 101 60
39 110 97
39 117 40
39 123 39
39 147 61
39 161 30
39 170 127
39 179 35
39 185 36
39 189 56
39 201 30
39 208 45
39 225 110
39 237 93
39 249 42
39 255 62
39 270 52
39 271 59
39 286 34
39 301 38
39 310 113
39 338 37
39 340 32
39 348 33
39 352 67
39 374 35
39 381 36
39 413 31
39 438 59
39 475 74
39 479 36
39 522 53
39 533 36
39 535 25
39 536 36
39 548 31
39 570 29
39 589 43
39 592 47
39 604 108
39 677 43
39 740 46
39 749 72
39 783 48
39 824 40
39 855 31
39 856 28
39 956 34
39 976 33
39 1004 28
39 1121 77
39 1146 36
39 1198 50
39 1233 36
39 1327 92
39 1393 32
39 1659 30
39 1715 78
39 1859 44
39 2238 64
39 2990 43
39 3735 47
39 3966 39
41 48 672
41 49 11
41 60 38
41 65 62
41 66 14
41 79 44
41 89 58
41 94 33
41 101 33
41 110 69
41 117 20
41 123 19
41 147 44
41 161 17
41 170 73
41 179 19
41 185 21
41 189 31
41 201 22
41 208 32
41 225 76
41 237 42
41 249 26
41 255 28
41 270 41
41 271 45
41 286 20
41 301 25
41 310 72
41 338 25
41 340 20
41 348 27
41 352 52
41 374 25
41 381 14
41 413 23
41 438 26
41 475 48
41 479 17
41 522 31
41 533 28
41 535 15
41 536 18
41 548 25
41 570 14
41 589 23
41 592 26
41 604 57
41 677 25
41 740 18
41 749 44
41 783 33
41 824 19
41 855 25
41 856 12
41 956 23
41 976 15
41 1004 18
41 1121 43
41 1146 25
41 1198 32
41 1233 20
41 1327 49
41 1393 17
41 1659 10
41 1715 45
41 1859 36
41 2238 37
41 2990 23
41 3735 27
41 3966 17
48 49 39
48 60 79
48 65 95
48 66 26
48 79 43
48 89 115
48 94 40
48 101 60
48 110 69
48 117 44
48 123 40
48 147 62
48 161 19
48 170 88
48 179 36
48 185 33
48 189 45
48 201 33
48 208 42
48 225 79
48 237 72
48 249 32
48 255 66
48 270 39
48 271 37
48 286 26
48 301 34
48 310 96
48 338 40
48 340 26
48 348 23
48 352 76
48 374 36
48 381 43
48 413 24
48 438 47
48 475 67
48 479 26
48 522 55
48 533 35
48 535 21
48 536 28
48 548 35
48 570 31
48 589 32
48 592 47
48 604 79
48 677 34
48 740 25
48 749 60
48 783 49
48 824 43
48 855 27
48 856 21
48 956 27
48 976 34
48 1004 28
48 1121 75
48 1146 30
48 1198 38
48 1233 29
48 1327 73
48 1393 27
48 1659 19
48 1715 67
48 1859 46
48 2238 43
48 2990 48
48 3735 49
48 3966 27
49 60 1
49 65 4
49 117 2
49 123 2
49 161 1
49 179 1
49 189 1
49 208 1
49 225 4
49 237 3
49 249 1
49 270 1
49 271 1
49 301 1
49 310 3
49 338 2
49 352 1
49 381 2
49 475 4
49 479 1
49 522 3
49 548 1
49 589 2
49 592 1
49 604 1
49 677 2
49 740 3
49 749 1
49 824 2
49 855 1
49 856 2
49 976 1
49 1004 3
49 1146 1
49 1198 1
49 1327 1
49 1393 1
49 1659 1
49 1715 1
49 1859 2
49 2238 2
60 65 11
60 66 7
60 79 2
60 89 12
60 94 5
60 101 2
60 110 5
60 117 3
60 123 5
60 147 3
60 161 2
60 170 3
60 185 6
60 189 8
60 201 4
60 208 2
60 225 8
60 237 5
60 249 3
60 255 4
60 270 3
60 271 6
60 286 1
60 301 9
60 310 11
60 340 3
60 348 3
60 352 8
60 374 2
60 381 4
60 413 5
60 438 1
60 475 2
60 479 3
60 522 3
60 533 1
60 535 1
60 536 10
60 548 1
60 570 1
60 589 5
60 592 4
60 604 30
60 677 3
60 740 2
60 749 10
60 783 11
60 824 1
60 855 1
60 856 1
60 956 1
60 976 3
60 1004 3
60 1121 17
60 1146 8
60 1198 2
60 1233 6
60 1327 4
60 1393 3
60 1659 1
60 1715 12
60 1859 2
60 2238 2
60 2990 5
60 3735 3
60 3966 9
65 66 4
65 79 1
65 89 17
65 94 7
65 101 9
65 110 3
65 117 4
65 123 1
65 147 6
65 161 2
65 170 9
65 179 4
65 185 1
65 189 4
65 201 5
65 208 3
65 225 6
65 237 7
65 249 4
65 255 9
65 270 1
65 271 5
65 286 2
65 301 10
65 310 11
65 338 10
65 340 3
65 348 4
65 352 9
65 374 7
65 381 3
65 413 2
65 438 3
65 475 7
65 479 3
65 522 5
65 533 4
65 535 3
65 536 1
65 548 4
65 570 1
65 589 4
65 592 4
65 604 12
65 677 2
65 740 1
65 749 3
65 783 11
65 824 4
65 856 5
65 956 3
65 976 3
65 1004 3
65 1121 13
65 1146 2
65 1198 7
65 1233 4
65 1327 7
65 1393 3
65 1659 1
65 1715 6
65 1859 10
65 2238 4
65 2990 3
65 3735 5
65 3966 3
66 89 1
66 94 6
66 101 1
66 110 1
66 117 3
66 123 4
66 147 1
66 179 1
66 185 1
66 189 3
66 201 3
66 208 2
66 225 3
66 237 1
66 255 1
66 271 1
66 301 3
66 310 4
66 338 3
66 348 1
66 352 1
66 381 3
66 475 4
66 479 1
66 522 1
66 535 1
66 536 3
66 570 2
66 589 3
66 604 5
66 677 1
66 740 2
66 749 1
66 783 2
66 824 1
66 855 1
66 976 2
66 1121 4
66 1146 1
66 1198 1
66 1233 1
66 1327 3
66 1659 1
66 1715 2
66 1859 3
66 2238 2
66 2990 3
66 3735 5
79 89 3
79 94 3
79 101 4
79 110 2
79 117 1
79 147 2
79 161 1
79 170 2
79 179 1
79 185 1
79 189 1
79 201 4
79 225 11
79 237 3
79 249 1
79 255 2
79 270 1
79 271 6
79 301 1
79 310 3
79 338 2
79 340 3
79 348 2
79 352 1
79 381 2
79 438 4
79 475 6
79 479 1
79 522 2
79 533 2
79 548 2
79 570 1
79 589 2
79 592 2
79 604 7
79 677 2
79 740 1
79 749 6
79 783 4
79 824 1
79 855 1
79 976 2
79 1004 2
79 1121 4
79 1146 6
79 1198 5
79 1327 3
79 1393 2
79 1659 2
79 1715 5
79 1859 4
79 2238 3
79 3735 2
89 94 4
89 101 16
89 110 4
89 117 3
89 123 3
89 147 5
89 161 4
89 170 7
89 179 6
89 185 3
89 189 2
89 201 9
89 208 5
89 225 3
89 237 10
89 249 4
89 255 5
89 270 2
89 271 3
89 286 2
89 301 4
89 310 12
89 338 7
89 340 4
89 348 5
89 352 12
89 374 4
89 381 4
89 413 5
89 438 2
89 475 4
89 479 4
89 522 5
89 533 6
89 535 2
89 536 5
89 548 2
89 570 3
89 589 4
89 592 10
89 604 10
89 677 1
89 740 3
89 749 4
89 783 5
89 824 4
89 855 1
89 856 2
89 956 3
89 976 1
89 1004 2
89 1121 11
89 1146 2
89 1198 11
89 1233 4
89 1327 10
89 1393 5
89 1659 6
89 1715 11
89 1859 3
89 2238 2
89 2990 4
89 3735 6
89 3966 7
94 101 3
94 117 4
94 123 2
94 147 1
94 161 1
94 170 2
94 179 2
94 185 4
94 189 2
94 201 3
94 208 2
94 225 8
94 237 3
94 249 3
94 255 1
94 271 3
94 286 1
94 301 3
94 310 8
94 338 5
94 340 1
94 348 8
94 352 5
94 374 1
94 381 2
94 413 3
94 438 2
94 475 4
94 479 1
94 522 2
94 533 5
94 536 2
94 548 3
94 570 3
94 592 3
94 604 8
94 677 1
94 740 1
94 749 6
94 783 6
94 824 1
94 976 4
94 1004 1
94 1121 5
94 1146 2
94 1198 1
94 1233 8
94 1327 1
94 1393 1
94 1659 1
94 1715 7
94 1859 8
94 2238 1
94 2990 5
94 3735 4
94 3966 3
101 110 1
101 117 3
101 123 2
101 147 7
101 161 1
101 170 5
101 179 4
101 185 4
101 189 6
101 201 7
101 208 3
101 225 2
101 237 8
101 249 2
101 255 4
101 270 3
101 271 3
101 301 5
101 310 10
101 338 4
101 340 4
101 348 4
101 352 9
101 374 5
101 381 4
101 413 4
101 438 2
101 475 9
101 479 2
101 522 7
101 533 6
101 536 2
101 548 1
101 570 1
101 589 4
101 592 3
101 604 5
101 677 3
101 740 1
101 749 3
101 783 5
101 824 11
101 856 3
101 956 2
101 976 3
101 1004 4
101 1121 4
101 1198 4
101 1233 2
101 1327 5
101 1393 2
101 1659 1
101 1715 6
101 1859 4
101 2238 5
101 2990 1
110 123 1
110 147 2
110 161 4
110 170 11
110 179 1
110 185 1
110 189 4
110 201 1
110 208 2
110 225 4
110 237 6
110 249 4
110 255 1
110 270 3
110 271 3
110 286 1
110 310 5
110 338 1
110 352 1
110 374 2
110 438 4
110 475 3
110 479 2
110 522 1
110 533 2
110 536 2
110 548 3
110 570 2
110 589 2
110 592 1
110 604 3
110 740 1
110 749 2
110 783 1
110 824 2
110 855 5
110 956 2
110 976 1
110 1004 1
110 1121 2
110 1146 3
110 1233 2
110 1327 8
110 1393 1
110 1659 2
110 1715 4
110 1859 1
110 2238 2
110 2990 3
110 3735 4
110 3966 1
117 123 1
117 147 4
117 161 1
117 170 5
117 179 3
117 185 4
117 189 2
117 201 4
117 208 3
117 225 2
117 237 4
117 249 4
117 270 3
117 271 2
117 286 1
117 310 3
117 338 4
117 340 3
117 348 1
117 352 3
117 374 4
117 381 1
117 413 2
117 475 2
117 522 3
117 533 1
117 548 2
117 570 2
117 589 2
117 592 2
117 604 3
117 677 2
117 740 1
117 749 3
117 783 1
117 824 2
117 855 2
117 856 2
117 976 34
117 1121 2
117 1198 4
117 1233 3
117 1327 5
117 1659 2
117 1715 1
117 2238 3
117 2990 1
117 3735 3
123 147 2
123 161 1
123 170 4
123 179 2
123 201 1
123 208 1
123 225 3
123 237 4
123 255 4
123 270 1
123 301 2
123 310 2
123 338 3
123 340 3
123 348 1
123 352 6
123 374 1
123 381 1
123 413 2
123 438 1
123 475 7
123 479 1
123 522 1
123 533 2
123 536 2
123 548 3
123 570 3
123 589 1
123 592 4
123 604 1
123 677 1
123 740 1
123 749 2
123 783 2
123 824 3
123 956 1
123 976 2
123 1004 2
123 1121 4
123 1198 1
123 1233 2
123 1327 4
123 1715 2
123 1859 3
123 2238 1
123 2990 2
123 3735 2
123 3966 2
147 170 5
147 179 16
147 185 5
147 189 2
147 201 1
147 208 3
147 225 6
147 237 8
147 249 1
147 255 4
147 270 4
147 271 5
147 286 4
147 310 4
147 338 3
147 340 2
147 348 4
147 352 6
147 374 1
147 381 2
147 413 3
147 438 2
147 475 6
147 479 2
147 522 3
147 533 3
147 535 1
147 536 5
147 548 3
147 570 2
147 589 2
147 592 7
147 604 5
147 677 1
147 740 1
147 749 7
147 783 1
147 824 2
147 855 1
147 856 2
147 956 2
147 1004 2
147 1121 5
147 1146 1
147 1198 1
147 1233 2
147 1327 3
147 1393 2
147 1659 1
147 1715 5
147 2238 1
147 2990 5
147 3735 3
147 3966 2
161 170 2
161 189 2
161 225 1
161 237 1
161 249 1
161 255 2
161 270 1
161 271 1
161 310 4
161 338 2
161 374 1
161 381 1
161 438 2
161 533 1
161 535 1
161 604 5
161 749 2
161 783 2
161 855 1
161 1121 2
161 1198 2
161 1233 2
161 1327 1
161 1659 1
161 1715 1
161 1859 1
161 2990 1
161 3966 3
170 179 2
170 189 2
170 201 2
170 208 1
170 225 6
170 237 3
170 249 3
170 255 4
170 270 7
170 271 4
170 286 3
170 301 1
170 310 9
170 338 4
170 340 2
170 348 4
170 352 5
170 374 3
170 413 3
170 438 4
170 475 6
170 479 2
170 522 2
170 535 1
170 536 4
170 548 4
170 570 6
170 589 5
170 592 2
170 604 4
170 677 2
170 740 6
170 749 4
170 783 2
170 824 3
170 855 1
170 856 1
170 956 2
170 976 5
170 1121 5
170 1146 3
170 1198 2
170 1327 9
170 1393 3
170 1659 1
170 1715 5
170 1859 4
170 2238 4
170 2990 5
170 3735 4
170 3966 5
179 185 1
179 201 2
179 225 2
179 249 2
179 255 4
179 270 1
179 271 2
179 286 1
179 301 5
179 310 2
179 340 1
179 348 2
179 352 3
179 374 2
179 381 3
179 413 3
179 438 2
179 475 2
179 479 1
179 522 3
179 533 1
179 535 1
179 548 2
179 570 3
179 589 1
179 592 4
179 604 3
179 677 1
179 749 2
179 783 1
179 824 6
179 856 1
179 956 2
179 976 2
179 1004 2
179 1121 5
179 1198 3
179 1327 7
179 1715 5
179 2238 1
179 2990 3
179 3735 3
185 189 2
185 201 3
185 208 1
185 225 3
185 237 3
185 249 2
185 255 1
185 270 4
185 271 2
185 286 1
185 301 2
185 310 6
185 338 6
185 340 1
185 348 1
185 352 3
185 374 3
185 381 2
185 413 3
185 438 1
185 475 6
185 479 2
185 533 2
185 535 2
185 536 3
185 589 4
185 592 1
185 604 6
185 677 1
185 749 2
185 783 3
185 824 2
185 855 2
185 956 2
185 976 1
185 1004 1
185 1121 2
185 1233 4
185 1327 1
185 1393 1
185 1715 5
185 1859 1
185 3966 1
189 201 4
189 208 2
189 225 5
189 237 7
189 255 1
189 270 3
189 271 2
189 301 2
189 310 5
189 338 3
189 348 1
189 352 7
189 374 1
189 381 1
189 413 1
189 438 1
189 475 5
189 479 1
189 522 2
189 535 4
189 536 4
189 548 1
189 589 3
189 592 5
189 604 9
189 677 2
189 749 3
189 783 6
189 855 1
189 856 1
189 956 2
189 976 3
189 1121 8
189 1146 1
189 1198 4
189 1233 1
189 1327 3
189 1393 2
189 1715 6
189 2238 4
189 3735 2
189 3966 3
201 208 6
201 225 2
201 237 2
201 249 2
201 255 4
201 270 1
201 271 1
201 286 1
201 301 1
201 310 3
201 338 4
201 340 2
201 348 3
201 352 4
201 374 3
201 381 2
201 413 1
201 475 5
201 522 5
201 533 1
201 535 3
201 536 1
201 570 2
201 589 4
201 592 3
201 604 4
201 677 1
201 740 1
201 749 4
201 783 2
201 824 3
201 855 2
201 856 1
201 956 2
201 976 2
201 1004 2
201 1121 2
201 1198 6
201 1233 1
201 1327 2
201 1393 5
201 1659 1
201 1715 6
201 1859 5
201 2238 1
201 2990 1
201 3735 2
201 3966 2
208 225 5
208 255 1
208 270 3
208 286 1
208 301 3
208 310 9
208 338 2
208 340 4
208 348 1
208 352 4
208 374 4
208 381 5
208 413 3
208 438 1
208 475 5
208 479 2
208 522 1
208 533 1
208 535 2
208 536 1
208 548 3
208 570 2
208 589 4
208 592 5
208 604 7
208 677 3
208 740 1
208 749 3
208 783 2
208 824 6
208 976 3
208 1121 5
208 1146 3
208 1198 5
208 1233 2
208 1327 1
208 1393 2
208 1659 4
208 1715 2
208 2238 1
208 2990 2
208 3735 2
208 3966 2
225 237 4
225 249 4
225 255 4
225 270 16
225 271 19
225 286 4
225 301 3
225 310 7
225 338 2
225 340 4
225 348 6
225 352 9
225 374 2
225 381 3
225 413 2
225 438 2
225 475 6
225 479 2
225 522 2
225 533 3
225 535 2
225 536 3
225 548 2
225 570 2
225 589 2
225 592 1
225 604 11
225 677 3
225 740 3
225 749 6
225 783 9
225 824 1
225 855 2
225 856 1
225 956 3
225 976 3
225 1004 1
225 1121 7
225 1146 5
225 1198 5
225 1233 4
225 1327 2
225 1393 1
225 1659 3
225 1715 8
225 1859 5
225 2238 18
225 2990 2
225 3735 1
225 3966 2
237 249 6
237 255 5
237 270 2
237 271 1
237 301 3
237 310 9
237 338 3
237 340 2
237 348 2
237 352 4
237 374 3
237 381 4
237 413 4
237 438 5
237 475 9
237 479 1
237 522 2
237 533 1
237 535 2
237 536 1
237 548 1
237 570 2
237 589 3
237 592 4
237 604 10
237 677 3
237 740 1
237 749 4
237 783 5
237 824 2
237 855 3
237 856 6
237 956 1
237 976 2
237 1121 7
237 1198 2
237 1233 4
237 1327 6
237 1715 3
237 1859 3
237 2238 1
237 3735 1
237 3966 5
249 255 2
249 270 3
249 271 3
249 310 8
249 338 2
249 340 1
249 348 1
249 352 2
249 374 2
249 381 1
249 413 2
249 475 1
249 479 1
249 522 4
249 533 2
249 548 1
249 589 1
249 592 1
249 604 3
249 740 1
249 749 4
249 783 4
249 824 1
249 856 1
249 976 1
249 1004 1
249 1121 3
249 1146 1
249 1198 3
249 1233 1
249 1327 3
249 1393 2
249 1659 1
249 1715 4
249 2238 2
249 2990 1
249 3966 2
255 270 1
255 271 2
255 286 1
255 301 1
255 310 11
255 338 3
255 340 2
255 348 2
255 352 4
255 381 3
255 413 4
255 438 3
255 475 3
255 479 4
255 522 1
255 533 3
255 535 2
255 548 1
255 570 3
255 589 1
255 592 4
255 604 7
255 740 1
255 749 4
255 783 4
255 824 2
255 855 1
255 956 1
255 976 1
255 1121 4
255 1198 5
255 1233 1
255 1327 5
255 1393 3
255 1715 3
255 1859 1
255 2238 2
255 2990 1
255 3735 2
270 271 24
270 286 1
270 301 1
270 310 4
270 338 1
270 348 1
270 352 7
270 374 1
270 438 5
270 475 4
270 479 1
270 522 1
270 533 3
270 535 1
270 536 3
270 548 3
270 570 1
270 592 1
270 677 3
270 740 1
270 749 3
270 783 2
270 855 1
270 956 2
270 976 3
270 1004 3
270 1121 2
270 1146 1
270 1233 2
270 1327 2
270 1715 4
270 1859 3
270 2238 16
270 2990 2
270 3735 2
270 3966 2
271 286 2
271 301 1
271 310 6
271 338 2
271 340 2
271 348 3
271 352 5
271 374 1
271 413 2
271 438 3
271 475 4
271 479 1
271 522 2
271 533 2
271 536 2
271 548 2
271 589 2
271 592 1
271 604 7
271 740 1
271 749 6
271 783 5
271 824 1
271 855 2
271 956 3
271 976 2
271 1004 3
271 1121 3
271 1146 2
271 1198 2
271 1233 5
271 1327 3
271 1393 1
271 1715 6
271 1859 2
271 2238 13
271 2990 2
271 3735 1
271 3966 3
286 301 1
286 310 1
286 352 1
286 374 1
286 381 2
286 413 1
286 438 1
286 475 2
286 522 2
286 533 1
286 536 1
286 548 1
286 604 1
286 677 1
286 749 2
286 856 1
286 1121 3
286 1198 1
286 1233 1
286 1327 1
286 1393 1
286 2238 2
286 3966 1
301 310 5
301 338 2
301 348 3
301 352 3
301 374 2
301 381 2
301 413 1
301 438 1
301 475 1
301 479 1
301 522 2
301 533 1
301 535 1
301 536 2
301 548 1
301 570 1
301 589 1
301 592 4
301 604 9
301 749 5
301 783 4
301 856 1
301 1004 1
301 1121 3
301 1146 1
301 1198 1
301 1233 1
301 1327 3
301 1659 1
301 1715 6
301 1859 5
301 2238 2
301 2990 2
301 3966 5
310 338 4
310 348 5
310 352 10
310 374 9
310 381 7
310 413 5
310 438 2
310 475 2
310 479 4
310 522 12
310 533 4
310 535 4
310 536 2
310 548 4
310 570 1
310 589 3
310 592 3
310 604 13
310 677 2
310 740 2
310 749 4
310 783 4
310 824 2
310 855 1
310 856 3
310 956 5
310 976 3
310 1004 2
310 1121 9
310 1146 5
310 1198 5
310 1233 2
310 1327 7
310 1393 5
310 1659 4
310 1715 8
310 1859 5
310 2238 8
310 2990 2
310 3735 6
310 3966 5
338 340 1
338 348 2
338 352 3
338 374 1
338 413 1
338 438 1
338 475 8
338 479 1
338 522 3
338 533 4
338 535 4
338 536 5
338 548 3
338 589 2
338 604 6
338 677 4
338 749 3
338 783 4
338 824 7
338 855 1
338 856 1
338 956 5
338 976 3
338 1121 5
338 1198 2
338 1327 2
338 1393 1
338 1659 1
338 1715 1
338 1859 5
338 2238 3
338 2990 4
338 3735 5
338 3966 1
340 348 1
340 352 4
340 374 1
340 381 3
340 413 1
340 438 1
340 479 3
340 522 2
340 533 5
340 535 1
340 536 1
340 548 2
340 570 2
340 589 1
340 592 2
340 604 1
340 677 4
340 749 3
340 783 1
340 856 2
340 976 4
340 1121 4
340 1146 2
340 1198 2
340 1233 2
340 1327 2
340 1659 2
340 1715 2
340 2238 3
340 2990 1
340 3735 1
340 3966 1
348 352 19
348 374 2
348 413 2
348 438 1
348 475 1
348 533 2
348 535 1
348 536 1
348 548 3
348 570 2
348 589 3
348 592 1
348 604 8
348 749 5
348 783 7
348 824 1
348 976 2
348 1121 2
348 1146 1
348 1198 2
348 1233 4
348 1327 1
348 1393 2
348 1659 1
348 1715 3
348 1859 17
348 2238 1
348 2990 1
348 3966 1
352 374 6
352 381 4
352 413 7
352 475 5
352 479 4
352 522 5
352 533 5
352 548 2
352 570 3
352 589 3
352 592 5
352 604 12
352 677 4
352 749 10
352 783 9
352 824 3
352 855 1
352 856 3
352 976 8
352 1004 2
352 1121 9
352 1146 3
352 1198 5
352 1233 6
352 1327 4
352 1393 4
352 1659 1
352 1715 11
352 1859 43
352 2238 3
352 2990 2
352 3735 1
352 3966 5
374 381 1
374 413 2
374 479 2
374 522 3
374 533 2
374 536 2
374 548 3
374 570 1
374 592 1
374 604 6
374 749 1
374 783 4
374 824 2
374 856 1
374 976 2
374 1004 2
374 1121 3
374 1146 1
374 1198 5
374 1233 1
374 1327 2
374 1393 1
374 1659 2
374 1715 4
374 1859 4
374 2238 1
374 2990 2
374 3735 2
374 3966 1
381 413 2
381 438 4
381 475 3
381 479 2
381 522 2
381 533 2
381 535 1
381 536 4
381 570 1
381 589 1
381 592 2
381 604 9
381 677 3
381 749 3
381 783 2
381 824 3
381 855 1
381 976 2
381 1121 6
381 1233 1
381 1327 2
381 1393 1
381 1715 5
381 1859 1
381 2238 5
381 2990 2
381 3735 3
381 3966 2
413 438 1
413 475 4
413 479 2
413 522 1
413 535 1
413 548 1
413 604 5
413 677 2
413 749 2
413 783 2
413 824 2
413 976 1
413 1004 4
413 1121 2
413 1198 1
413 1233 3
413 1327 4
413 1393 1
413 1659 1
413 1859 1
413 3966 2
438 475 2
438 479 3
438 522 1
438 533 1
438 536 3
438 548 2
438 570 1
438 589 2
438 604 3
438 740 3
438 749 2
438 783 1
438 824 2
438 856 2
438 976 1
438 1004 1
438 1198 2
438 1233 1
438 1327 1
438 1393 2
438 1715 4
438 1859 1
438 2238 1
438 2990 1
438 3735 1
438 3966 1
475 479 1
475 522 8
475 533 4
475 536 4
475 548 2
475 570 2
475 589 2
475 592 3
475 604 4
475 677 5
475 749 2
475 824 6
475 855 2
475 856 3
475 956 3
475 1004 4
475 1121 1
475 1146 3
475 1198 2
475 1233 2
475 1327 5
475 1393 3
475 1659 2
475 1715 3
475 1859 4
475 2238 6
475 2990 5
475 3735 2
475 3966 1
479 533 1
479 535 1
479 536 1
479 570 1
479 589 1
479 592 2
479 604 2
479 677 2
479 740 1
479 749 3
479 783 2
479 824 2
479 855 2
479 856 3
479 976 1
479 1004 1
479 1146 1
479 1198 1
479 1233 3
479 1327 2
479 1393 1
479 1659 2
479 1715 1
479 2990 2
479 3735 1
479 3966 1
522 533 2
522 535 2
522 536 4
522 548 1
522 570 1
522 589 2
522 592 2
522 604 11
522 677 5
522 749 4
522 783 2
522 824 5
522 855 2
522 856 1
522 956 2
522 976 1
522 1004 3
522 1121 9
522 1146 2
522 1198 5
522 1327 1
522 1393 3
522 1659 1
522 1715 11
522 1859 3
522 2238 2
522 2990 4
522 3735 3
522 3966 3
533 535 2
533 536 3
533 548 1
533 570 2
533 589 3
533 592 6
533 604 2
533 740 1
533 749 1
533 824 2
533 956 2
533 976 1
533 1121 3
533 1233 3
533 1327 5
533 1393 2
533 1659 1
533 1715 3
533 1859 2
533 2238 2
533 2990 3
533 3735 1
533 3966 1
535 536 3
535 570 1
535 589 1
535 592 1
535 604 3
535 677 2
535 749 2
535 783 1
535 855 1
535 956 4
535 1004 1
535 1121 3
535 1327 1
535 1659 1
535 1715 1
536 592 1
536 604 8
536 677 2
536 749 5
536 783 2
536 824 1
536 956 4
536 1121 7
536 1146 2
536 1198 2
536 1233 1
536 1327 1
536 1393 1
536 1715 7
536 2238 1
536 2990 2
536 3735 2
536 3966 1
548 570 2
548 604 4
548 677 4
548 783 2
548 824 1
548 956 2
548 976 2
548 1004 5
548 1121 3
548 1146 1
548 1198 1
548 1327 4
548 1715 2
548 1859 2
548 2238 3
548 2990 2
548 3735 2
548 3966 1
570 592 3
570 604 1
570 749 1
570 783 3
570 824 3
570 855 1
570 856 2
570 976 1
570 1121 1
570 1198 4
570 1233 1
570 1393 4
570 1659 1
570 1715 2
570 1859 2
570 2990 2
570 3735 2
589 592 1
589 604 7
589 740 1
589 783 2
589 824 1
589 855 1
589 956 1
589 976 2
589 1121 1
589 1146 1
589 1198 4
589 1233 3
589 1327 3
589 1393 3
589 1659 2
589 1715 2
589 1859 3
589 2238 2
589 2990 1
589 3966 2
592 604 2
592 677 4
592 740 2
592 749 6
592 783 4
592 824 3
592 855 2
592 956 2
592 976 1
592 1004 3
592 1121 3
592 1146 1
592 1198 6
592 1327 5
592 1393 2
592 1715 4
592 1859 1
592 2990 3
592 3735 1
592 3966 1
604 740 5
604 749 10
604 783 12
604 824 2
604 855 1
604 856 2
604 956 3
604 976 4
604 1004 2
604 1121 22
604 1146 6
604 1198 8
604 1233 5
604 1327 3
604 1393 1
604 1659 2
604 1715 19
604 1859 8
604 2238 10
604 2990 6
604 3735 7
604 3966 10
677 749 2
677 856 2
677 976 1
677 1004 6
677 1121 2
677 1146 1
677 1198 1
677 1327 4
677 1659 1
677 1715 2
677 1859 1
677 2238 1
677 3966 1
740 783 1
740 856 1
740 956 2
740 1004 1
740 1121 2
740 1198 4
740 1233 2
740 1327 4
740 1393 1
740 1659 1
740 1715 1
740 2990 2
740 3735 1
749 783 5
749 824 2
749 855 2
749 956 3
749 976 2
749 1004 3
749 1121 8
749 1146 3
749 1198 3
749 1233 2
749 1327 3
749 1393 1
749 1659 1
749 1715 11
749 1859 4
749 2238 3
749 2990 6
749 3735 3
749 3966 4
783 824 1
783 956 1
783 1004 1
783 1121 13
783 1146 2
783 1198 2
783 1233 4
783 1327 5
783 1393 1
783 1715 11
783 1859 4
783 2238 5
783 2990 3
783 3735 1
783 3966 4
824 855 2
824 856 3
824 976 2
824 1004 2
824 1121 1
824 1146 1
824 1198 2
824 1233 1
824 1327 3
824 1393 2
824 1715 4
824 1859 2
855 856 1
855 956 1
855 976 2
855 1121 3
855 1146 1
855 1198 1
855 1233 1
855 1327 3
855 1659 1
855 1715 1
855 2238 2
855 3735 1
856 1121 2
856 1146 1
856 1198 2
856 1393 2
856 1715 1
856 1859 3
856 2990 2
856 3735 1
856 3966 1
956 976 1
956 1004 1
956 1121 3
956 1327 1
956 1393 1
956 1659 1
956 1715 1
956 2238 1
956 2990 3
956 3735 4
956 3966 1
976 1121 4
976 1198 3
976 1233 4
976 1327 5
976 1393 3
976 1659 1
976 1715 4
976 2238 5
976 2990 2
976 3735 1
1004 1121 2
1004 1327 7
1004 1393 1
1004 1715 2
1004 1859 2
1004 2990 2
1004 3735 1
1121 1146 6
1121 1198 3
1121 1233 3
1121 1327 4
1121 1393 1
1121 1715 9
1121 1859 1
1121 2238 6
1121 2990 4
1121 3735 4
1121 3966 6
1146 1198 2
1146 1233 2
1146 1393 1
1146 1715 4
1146 1859 2
1146 2238 3
1146 2990 1
1146 3735 1
1146 3966 1
1198 1233 5
1198 1327 6
1198 1393 3
1198 1659 6
1198 1715 3
1198 1859 1
1198 2238 2
1198 2990 1
1233 1327 3
1233 1393 1
1233 1659 2
1233 1715 6
1233 1859 2
1233 2238 1
1233 2990 4
1233 3966 1
1327 1393 1
1327 1659 2
1327 1715 7
1327 1859 1
1327 2990 5
1327 3735 1
1327 3966 1
1393 1659 1
1393 1715 1
1393 1859 3
1393 2238 1
1393 3966 1
1659 1715 2
1659 1859 1
1659 2238 1
1715 1859 3
1715 2238 3
1715 2990 7
1715 3735 4
1715 3966 9
1859 2238 3
1859 2990 2
1859 3735 3
1859 3966 1
2238 2990 1
2238 3735 1
2238 3966 2
2990 3735 37
2990 3966 2
3735 3966 1
