9 41 232
9 48 624
9 65 115
9 255 33
9 310 74
9 2238 29
32 38 2314
32 39 6799
32 41 2296
32 48 6378
32 65 602
32 110 371
32 225 549
32 255 260
32 270 372
32 271 394
36 38 2285
36 39 1659
36 41 510
36 48 1161
36 101 60
36 237 127
36 270 41
36 604 39
38 39 8328
38 41 2773
38 48 6367
38 65 538
38 79 257
38 89 602
38 110 2150
38 170 2495
38 270 319
38 271 321
39 41 8058
39 48 23025
39 60 904
39 65 2255
39 79 888
39 89 2144
39 101 1112
39 110 1398
39 147 934
39 170 1678
39 185 682
39 225 1943
39 237 1525
39 255 869
39 270 977
39 271 1168
39 310 1459
39 413 744
39 438 958
39 475 1206
39 533 726
39 604 662
39 1146 870
39 1327 1133
39 2238 1039
41 48 6300
41 101 335
41 170 601
41 225 663
41 270 375
41 271 421
48 60 744
48 65 2031
48 79 702
48 89 2180
48 101 1025
48 110 1098
48 147 847
48 170 1254
48 185 662
48 225 1420
48 237 1332
48 255 873
48 270 787
48 271 896
48 310 1316
48 413 723
48 438 775
48 475 1142
48 533 672
48 1146 716
48 1327 944
48 2238 745
60 89 129
60 225 67
60 237 79
60 413 66
65 225 179
65 237 164
65 255 105
65 1327 132
79 170 55
79 185 41
79 270 47
89 438 55
101 110 27
101 123 46
101 413 120
110 123 19
110 147 29
110 413 26
110 533 29
123 185 28
170 310 82
170 413 41
225 255 55
237 1146 45
270 271 551
271 310 56
413 604 52
