9 48 558
9 65 101
9 255 32
9 310 65
9 2238 28
32 38 2008
32 39 5953
32 41 2296
32 48 5613
32 65 527
32 110 312
32 225 489
32 270 327
32 271 346
36 38 1995
36 39 1457
36 41 510
36 48 1027
36 101 53
36 237 103
38 39 7224
38 41 2773
38 48 5513
38 65 464
38 79 219
38 89 522
38 110 1839
38 170 2188
38 270 280
38 271 291
39 41 8058
39 48 20080
39 60 798
39 65 1966
39 79 763
39 89 1881
39 101 934
39 110 1191
39 147 811
39 170 1467
39 185 609
39 225 1703
39 237 1319
39 255 757
39 270 861
39 271 1040
39 310 1297
39 413 595
39 438 830
39 475 1051
39 533 637
39 1146 795
39 1327 1116
39 2238 922
41 48 6300
41 101 335
41 170 601
41 225 663
41 270 375
41 271 421
41 1327 450
48 60 664
48 65 1764
48 79 608
48 89 1911
48 101 878
48 110 928
48 147 731
48 170 1091
48 225 1241
48 237 1139
48 255 755
48 270 697
48 271 789
48 310 1166
48 413 579
48 438 687
48 475 1004
48 533 578
48 1146 647
48 1327 927
48 2238 667
60 89 120
60 225 56
60 237 75
65 225 151
65 237 133
65 255 94
65 1327 129
79 185 38
79 270 40
89 438 53
101 110 24
101 413 98
110 147 26
110 413 18
110 533 26
170 310 70
170 413 35
225 255 46
237 1146 41
270 271 491
271 310 52
