32 38 1456
32 39 4355
32 41 2296
32 48 4113
32 65 384
32 110 215
32 270 242
32 271 250
36 38 1412
36 39 1017
36 41 510
36 48 704
36 101 36
36 237 74
38 39 5171
38 41 2773
38 48 3968
38 79 161
38 89 335
38 110 1271
38 170 1661
38 270 186
38 271 211
39 41 8058
39 48 14376
39 65 1348
39 89 1188
39 101 643
39 110 823
39 170 1113
39 225 1224
39 237 914
39 255 591
39 270 604
39 271 753
39 310 991
39 438 658
39 475 783
39 1146 620
39 1327 985
39 2238 678
41 48 6300
41 65 709
41 101 335
41 170 601
41 225 663
41 270 375
41 271 421
41 1327 450
41 2238 412
48 65 1232
48 79 455
48 89 1216
48 101 608
48 110 632
48 147 517
48 170 818
48 225 907
48 237 785
48 255 591
48 270 493
48 271 563
48 310 876
48 438 537
48 475 767
48 1146 509
48 1327 819
48 2238 492
60 89 72
60 225 33
60 237 47
65 225 108
65 237 90
65 1327 112
79 270 28
101 110 13
237 1146 30
271 310 40
