9 48 492
9 65 84
9 255 29
9 310 57
32 38 1720
32 39 5108
32 41 2296
32 48 4812
32 65 446
32 110 260
32 270 295
32 271 301
36 38 1703
36 39 1242
36 41 510
36 48 860
36 101 43
36 237 88
38 39 6174
38 41 2773
38 48 4711
38 79 194
38 89 427
38 110 1543
38 170 1929
38 270 240
38 271 250
39 41 8058
39 48 17143
39 60 653
39 65 1645
39 79 684
39 89 1561
39 101 777
39 110 1000
39 170 1294
39 225 1470
39 237 1122
39 255 658
39 270 747
39 271 897
39 310 1152
39 438 750
39 475 921
39 1146 688
39 1327 1054
39 2238 811
41 48 6300
41 65 709
41 101 335
41 170 601
41 225 663
41 270 375
41 271 421
41 1327 450
41 2238 412
48 65 1484
48 79 540
48 89 1571
48 101 738
48 110 768
48 147 626
48 170 954
48 225 1062
48 237 961
48 255 661
48 270 598
48 271 674
48 310 1028
48 438 616
48 475 880
48 533 498
48 1146 565
48 1327 874
48 2238 575
60 89 99
60 225 44
60 237 56
65 225 134
65 237 109
65 1327 124
79 185 35
79 270 38
89 438 47
101 110 19
110 533 21
170 310 64
225 255 39
237 1146 35
270 271 416
271 310 50
