9 41 307
9 48 790
9 65 136
9 79 19
9 255 34
9 310 96
9 2238 37
32 38 2833
32 39 8455
32 41 3196
32 48 8034
32 65 774
32 110 449
32 185 289
32 225 655
32 255 321
32 270 437
32 271 470
36 38 2790
36 39 2037
36 41 700
36 48 1416
36 101 74
36 237 159
36 270 58
36 592 34
38 39 10345
38 41 3897
38 48 7944
38 65 643
38 79 313
38 89 764
38 110 2725
38 170 3031
38 237 683
38 270 390
38 271 392
39 41 11414
39 48 29142
39 60 983
39 65 2787
39 79 1111
39 89 2749
39 101 1400
39 110 1759
39 147 1137
39 170 2059
39 185 828
39 225 2351
39 237 1929
39 255 1057
39 270 1194
39 271 1434
39 310 1852
39 338 742
39 413 1130
39 438 1260
39 475 1500
39 533 922
39 592 723
39 824 703
39 1146 983
39 1327 1156
39 2238 1287
41 48 9018
41 65 995
41 101 476
41 110 677
41 170 805
41 225 877
41 270 508
41 271 584
41 338 256
41 413 414
41 533 336
41 824 320
41 2238 570
48 60 815
48 65 2529
48 79 893
48 89 2798
48 101 1311
48 110 1380
48 147 1036
48 170 1557
48 185 816
48 225 1736
48 237 1682
48 255 1057
48 270 957
48 271 1090
48 310 1692
48 338 779
48 413 1135
48 438 1025
48 475 1428
48 533 861
48 592 743
48 824 701
48 1146 811
48 1327 968
48 2238 955
60 89 143
60 225 78
60 237 86
60 413 81
65 225 213
65 237 215
65 255 132
65 1327 137
79 170 68
79 185 45
79 270 63
89 338 110
89 438 65
101 110 31
101 123 55
101 413 167
110 123 24
110 147 35
110 413 46
110 533 40
123 185 34
123 338 50
170 310 101
170 413 59
185 338 46
225 255 66
237 475 179
237 592 72
237 1146 51
255 592 33
270 271 680
271 310 75
271 592 31
