9 41 275
9 48 714
9 65 125
9 79 17
9 255 33
9 310 89
9 2238 33
32 38 2567
32 39 7605
32 41 2697
32 48 7186
32 65 686
32 110 405
32 225 613
32 255 287
32 270 408
32 271 433
36 38 2548
36 39 1849
36 41 590
36 48 1286
36 101 66
36 237 146
36 270 49
36 604 41
38 39 9359
38 41 3244
38 48 7177
38 65 592
38 79 287
38 89 707
38 110 2432
38 170 2770
38 237 605
38 270 351
38 271 362
39 41 9529
39 48 26150
39 60 978
39 65 2543
39 79 1003
39 89 2526
39 101 1255
39 110 1575
39 147 1035
39 170 1878
39 185 752
39 225 2195
39 237 1739
39 255 961
39 270 1073
39 271 1320
39 310 1662
39 413 975
39 438 1112
39 475 1375
39 533 835
39 604 731
39 1146 920
39 1327 1137
39 2238 1153
41 48 7492
41 65 841
41 101 398
41 170 683
41 225 779
41 270 429
41 271 497
41 2238 460
48 60 811
48 65 2293
48 79 806
48 89 2566
48 101 1173
48 110 1235
48 147 938
48 170 1410
48 185 738
48 225 1614
48 237 1520
48 255 963
48 270 877
48 271 1005
48 310 1506
48 338 717
48 413 974
48 438 907
48 475 1310
48 533 782
48 1146 762
48 1327 949
48 2238 843
60 89 142
60 225 78
60 237 86
60 413 80
65 225 197
65 237 189
65 255 116
65 1327 132
79 170 62
79 185 44
79 270 55
89 338 98
89 438 63
101 110 30
101 123 53
101 413 148
110 123 22
110 147 32
110 413 35
110 533 35
123 185 32
123 338 46
170 310 94
170 413 54
185 338 44
225 255 62
237 1146 49
270 271 615
271 310 70
413 604 66
