32 38 1159
32 39 3500
32 41 2127
32 48 3324
32 65 308
32 110 167
32 271 197
36 38 1091
36 39 774
36 41 468
36 48 533
36 101 26
36 237 56
38 39 4054
38 41 2552
38 48 3109
38 89 239
38 110 980
38 170 1344
38 271 136
39 41 7428
39 48 11397
39 65 1042
39 89 880
39 110 637
39 170 903
39 225 902
39 237 727
39 271 525
39 310 793
39 438 566
39 475 651
39 1146 531
39 1327 894
39 2238 538
41 48 5797
41 65 650
41 101 308
41 170 557
41 225 601
41 271 381
41 1327 420
41 2238 373
48 65 960
48 89 888
48 101 478
48 110 486
48 147 412
48 170 656
48 225 673
48 237 630
48 271 390
48 310 700
48 438 459
48 475 634
48 1146 434
48 1327 738
60 89 63
60 225 21
60 237 35
65 225 80
65 1327 102
101 110 10
237 1146 26
